1.094694998062355 0.9863258328881146 
1.7861308337159456 0.9767161103740061 
2.376905499775012 0.9692117097405305 
2.814959383832277 0.9642888927194585 
2.9127578788807944 0.9625641136755165 
3.316731463112909 0.9584278531598588 
3.4255900019100753 0.956782741625011 
2.85371651390498 0.9640787352856254 
3.8061159208710085 0.9523157913131106 
3.738282667751016 0.9552103451355822 
4.192025047470193 0.9507926400468177 
4.14239827655069 0.9518130503624287 
2.883136465680188 0.9832650013676114 
6.642052017802094 0.9179742761340294 
6.759120107430171 0.9168605550303961 
6.706104307966199 0.9172181877169047 
6.695237489990279 0.9174471844912258 
6.87916273808934 0.9151739671130834 
6.819911494041951 0.9158900549380588 
6.676941536512319 0.9175469808243132 
7.639457702880538 0.9064066740447478 
8.442511015722387 0.8973303619367694 
7.719847885210125 0.9054151584647204 
8.583973251833696 0.8955820970144411 
8.230740748434181 0.8994606658991887 
8.8745427984857 0.8922096869973678 
8.959042551468546 0.8911205004362067 
9.3233442374136 0.887189144639549 
9.450259256016619 0.8855706826686801 
9.717321013929013 0.8825587922461654 
10.17031046005498 0.8775783892166164 
10.55668719900728 0.8712618100995999 
10.79354658544837 0.868482567216013 
11.546171004936879 0.8601974118530511 
12.51329140455382 0.8494430681145304 
13.064810855221912 0.8430755954833963 
13.26752171761913 0.8436469134938313 
13.852516835552965 0.8374235067457446 
14.063766962736777 0.8361407569674096 
15.448671703791799 0.824375618834142 
16.57476319425781 0.8188291406817141 
19.990857316738115 0.790833453495035 
23.36296318291174 0.7674774339055553 
27.34795739467978 0.7527805933479145 
30.36905611059829 0.7458728720218282 
32.193658005928626 0.7655210150344696 
45.548664177929616 0.6727361646498741 
62.49001481241491 0.4905966173075495 
57.6794409796678 0.6212204565444177 
62.368008045614225 0.5396284017731924 
40.04717972788936 0.6124630177417049 
34.840589521729896 0.6461272520154999 
23.8291372015429 0.7453253389772542 
26.400219892140793 0.712165239679219 
44.69085993818254 0.5744449808075701 
46.33701521663594 0.5782341615733352 
39.2877061466788 0.6121147141387778 
34.21200008284609 0.6466960032510373 
31.419323169446564 0.6700644778929213 
26.29653787837859 0.7117443397791892 
39.022818000967206 0.6357002748046313 
42.46550702746731 0.5970425195990312 
46.61114628899402 0.5600416340714769 
42.49600518907558 0.590442413827994 
39.24530591044149 0.6241306866035531 
21.79112887433348 0.8448264178491663 
22.443932574538238 0.7887825532051512 
30.085790576785367 0.6692969910410782 
28.71241192682776 0.6806405849870689 
27.333269882234813 0.6793286506505839 
38.1386416771641 0.6681335555469372 
39.70794455293673 0.6401102969690602 
15.530569963155617 0.7963719669042271 
14.801075145677133 0.8062812260365734 
14.97473187012137 0.799158773677843 
14.769098853700667 0.7976680341257631 
15.251535978589507 0.786615630563984 
16.97263177715201 0.7703676564171695 
18.069717711257628 0.8005581235842062 
17.986742204011403 0.793179187126432 
17.860646526461935 0.7879563807941123 
23.84503625592162 0.7430096067970416 
24.833764665016503 0.7409652999534885 
25.193131441685463 0.7298331220658703 
25.74423452895527 0.7146745875497412 
26.526346401390708 0.7016661087668983 
28.531111383218892 0.6777652148757615 
31.061487574383776 0.6506700593052599 
34.543112756166245 0.6217238338233457 
24.356360395628467 0.7680157249649109 
25.006702550724565 0.7771588547206622 
20.976409275988875 0.8185913013934784 
19.08880797473246 0.8297206404482601 
20.92038689849216 0.8157492090668965 
21.63796109116653 0.8105535267054091 
29.19156247216053 0.7462086406537717 
23.66218900945731 0.8117448625979847 
22.093512750268918 0.7784761926250495 
32.61331066012873 0.717830851579627 
27.68093831571203 0.74879228811859 
26.356629444428492 0.7633081122459547 
27.885088898008885 0.7645779093618171 
18.321421022878372 0.8134372906327606 
27.41422671722745 0.7605567951615434 
21.765514996778755 0.7824812805553744 
25.046050599551297 0.7741847735791166 
22.200600491755733 0.7872449502158683 
23.181870634061404 0.7601388741843195 
22.081746014375454 0.8238377823891373 
22.11711464359731 0.7652684997911141 
16.97628571447756 0.7943625477120346 
27.758693941381335 0.7153088353537442 
26.414299972343436 0.7293059981588038 
24.88610144575632 0.7555821616555887 
32.2526592658627 0.7003921544628865 
30.701354604850625 0.6959425733817208 
32.60719914630536 0.7017465402084291 
32.6375819271877 0.7081961394629034 
29.718579045432158 0.7348094437617816 
29.935635051205747 0.7435713512031962 
26.390961172982742 0.7664120961073246 
43.30747879597086 0.6268008247288679 
35.23428702589598 0.6771437008422235 
35.473294560465106 0.6635714621160813 
37.42764868838235 0.6526208353775387 
37.87607231897833 0.6383063263591441 
38.43425837663895 0.6228393669028993 
38.8240136623465 0.6188679142996419 
38.97141519771021 0.6154178946254854 
40.92205559993697 0.6527716530449054 
40.05549641605625 0.6617224321886588 
38.48270942941466 0.6698100623149413 
37.053876707836736 0.6969013969176862 
35.641493045743225 0.6980189980561878 
37.287018657141694 0.687919585306983 
36.51974868554759 0.6874116335082716 
38.32929794022674 0.7021851323127529 
38.25808786587692 0.6718271137912771 
37.230767616323384 0.6825428914935469 
44.64405285363011 0.6356225340416347 
41.84839944433302 0.6568859633764406 
40.06565069562211 0.6634478703401951 
39.05796900244529 0.6655954229421864 
38.01588797003435 0.6727702783010485 
37.021260058489574 0.6792158359551086 
36.12945721416458 0.6790688429417964 
42.366507059171475 0.6581181110659957 
41.73340312487818 0.664820497286377 
40.37410071517454 0.6674137156507185 
39.53375013817186 0.6767395589477263 
38.692721139392624 0.6829904101458446 
37.85063301606076 0.6885341252720136 
36.69093050467082 0.6894208138391846 
36.32879310665871 0.6950407748203786 
35.29659684812087 0.7000465798463902 
34.527451533766815 0.700151440577614 
33.601837798449786 0.7012802603476572 
32.44256930040587 0.7111216450253454 
32.07063766777035 0.7249978658595695 
30.798532653776583 0.7332326376854941 
45.541129867673654 0.6417166296970961 
42.42369883669209 0.6467855598594433 
45.65201436188845 0.6416090680608497 
41.46072355398627 0.6374468263998193 
40.22792306971104 0.6468535412811108 
39.119473689841264 0.649214954221558 
37.763541437684104 0.6519948108063354 
37.25635420591645 0.6573383581329936 
43.122802463681076 0.6162278945057489 
42.40666484225547 0.6449331805487158 
41.38911589490704 0.6536697868182526 
40.050991142099534 0.6552495539319237 
39.300465875890744 0.6616934424424649 
37.52536294992625 0.6743097898224842 
36.586890864170805 0.676409756361446 
43.62641154600153 0.6752868313990488 
41.9089925375865 0.678862655081522 
43.49515741257771 0.6225450533270143 
41.93246151575902 0.6474914744714957 
40.7753994102332 0.6519050849127419 
39.311497236160065 0.6584989108284119 
37.872440835580505 0.6650277631937727 
37.12723290313537 0.668097134737255 
36.32332097672406 0.6712597612573782 
37.943061394250265 0.6719309343596949 
36.83064720523528 0.6758843980470755 
35.43352774074805 0.6900151620874487 
33.876448317399216 0.6962474627053139 
33.14071807700177 0.7003832129522521 
31.358774220859715 0.7073442470598718 
30.27743430429998 0.7122902704650106 
29.977628918240107 0.7126114765962867 
37.74079351825521 0.6586608066548285 
36.229924099857996 0.6703919052178913 
35.44549143986581 0.6745177972781505 
33.858591921117025 0.683681876528554 
37.58846483325405 0.6781043974288687 
37.031742225780356 0.6743065576515413 
35.36349928230533 0.6872701186632061 
37.58592904540122 0.6751121720422971 
36.84756039802484 0.6773966283479127 
36.33434548342663 0.6732814961553717 
34.907010541033 0.6909326351775869 
34.37459133696477 0.688359760818859 
33.173500557550085 0.6970925759452309 
40.38601356754117 0.6439976090299608 
39.25220573735273 0.655537850748383 
38.85973823703935 0.6525414844145291 
37.75832951474686 0.6591229051853205 
37.101815935714995 0.658763858687395 
36.32540098546412 0.6642089318092387 
35.526159542159895 0.6682588187753176 
33.82104743771145 0.6784587167163084 
33.422184693028626 0.6805670978952049 
32.87227339975562 0.6788021747168442 
32.033484546976005 0.6844460587712909 
38.559117036962206 0.6610680355123003 
38.234776465051006 0.6610847608123818 
37.18369332660788 0.6711397869707724 
37.065595804668135 0.6635305397330871 
36.9911723695635 0.6608000848233737 
36.267597414574915 0.6676128561174025 
36.13546771424153 0.6588180139184862 
34.998484893292044 0.6657977187951273 
34.31337015265077 0.6652511643357224 
33.693573814461594 0.6658924395798308 
35.62979306360693 0.669456215377733 
34.53760576332025 0.6770745625555193 
33.74461842845081 0.6838119121002664 
33.285792389351016 0.6821460507008059 
32.80184845527655 0.68620615794572 
31.74559966556484 0.6939830205899917 
31.349712716792812 0.6890048646394851 
30.788391478275255 0.6902052580892809 
37.85122574099073 0.6411645858433804 
37.20654784612273 0.647085216335141 
36.80603139213215 0.6525745341712801 
35.94773028112567 0.6542548041034947 
35.478688284060844 0.6521820505031979 
34.83313490703817 0.6596574912809479 
34.048088526472384 0.665584385802183 
33.223617943793826 0.6749864373147348 
33.10448174582449 0.6744785249551095 
32.495635143833944 0.6709392943425148 
32.31270824258222 0.6690872865282492 
31.716716767500774 0.6674709647645858 
31.18740691591785 0.6749271037672557 
31.543729978470243 0.6586523933407 
31.255147038937302 0.6500558664780849 
30.869007905502542 0.6432741914804384 
30.143642449760417 0.6456537398236531 
29.96222721439359 0.6490742555186311 
29.343812377912297 0.6474321711001365 
28.882702572767897 0.6374175929471042 
28.768943716217994 0.636791959749988 
28.548576702118297 0.6327688675730812 
27.80622107076922 0.6321052776687314 
27.67610335419318 0.6287416641269369 
27.30436196893458 0.6204162506280589 
26.294969689420547 0.625641219860982 
26.011229341972843 0.6236186483342565 
25.841790392673374 0.6062077705012797 
25.596503459879294 0.5969656421281068 
32.87348532599637 0.5712324225938474 
31.666749547801828 0.5772726649791071 
40.816927984649595 0.49815089923424805 
38.81837619873273 0.5082508527448831 
40.59310048109127 0.517883130221289 
36.77865158890281 0.5561046091998847 
33.66653720864329 0.5870272497760174 
30.619012470808762 0.6137571913016149 
26.024253003289008 0.6613050484014747 
24.590571571515678 0.6740198490383618 
23.073563285300885 0.6820607913775959 
23.210343931008683 0.6797111386689413 
22.054189276794094 0.6854717134146402 
30.471023830800878 0.60639129795607 
29.095221579639247 0.616398886824092 
26.534985732373787 0.6363087511932911 
26.591308027077652 0.6226793470973695 
25.790573818485253 0.6186352528612754 
23.627234571095503 0.6410262059033275 
38.075123600683845 0.5060624687484396 
39.1623027199006 0.4943809593187182 
39.40902057097497 0.4819775198614557 
38.37132696422671 0.4794094283647976 
38.219932020076655 0.46805485760864796 
37.26425849672844 0.4705803233465486 
36.76038643870785 0.477392617481298 
36.816521920255184 0.47363388632132275 
37.73701743576879 0.46754774363195667 
37.88943227520639 0.46024996494365866 
37.67318403495368 0.46724409218531365 
37.65758881430902 0.46326412577944315 
37.11849120862195 0.47443162407985073 
36.23186573008447 0.4867460285502925 
35.67806048930686 0.4941883360297192 
39.81276920108267 0.489654818097185 
39.75652070731503 0.4857717442577123 
40.24004527521183 0.48729622135843825 
