421 396 
421 396 
421 396 
421 396 
421 396 
421 396 
421 396 
421 396 
421 396 
421 396 
421 396 
421 396 
424 400 
424 395 
424 395 
424 395 
424 395 
424 395 
424 395 
424 395 
424 395 
424 395 
424 395 
424 395 
424 395 
424 395 
424 395 
424 395 
424 395 
424 395 
424 395 
424 395 
424 395 
424 395 
424 395 
424 395 
424 395 
424 395 
424 395 
424 395 
424 395 
424 395 
424 395 
424 395 
424 395 
424 395 
424 395 
383 357 
368 329 
365 309 
340 305 
332 307 
329 304 
330 292 
331 276 
331 275 
343 284 
339 286 
339 286 
339 286 
355 280 
356 271 
359 261 
359 261 
359 261 
355 280 
356 271 
359 261 
359 261 
359 261 
377 269 
379 267 
354 271 
355 272 
355 272 
355 272 
355 272 
358 273 
364 279 
364 279 
364 279 
371 279 
372 280 
372 280 
372 280 
372 280 
372 280 
372 280 
372 280 
365 295 
362 298 
354 301 
346 303 
342 305 
336 307 
336 307 
324 313 
309 314 
309 315 
295 319 
282 322 
273 326 
251 328 
247 331 
227 332 
217 336 
200 339 
185 339 
170 348 
152 345 
130 347 
123 348 
105 352 
89 356 
82 357 
66 358 
57 361 
51 362 
42 366 
38 367 
29 370 
42 366 
34 369 
34 369 
36 370 
36 370 
36 370 
36 370 
36 370 
41 377 
41 378 
41 378 
41 380 
41 380 
44 380 
44 380 
47 382 
48 379 
48 379 
56 378 
54 379 
54 379 
54 379 
54 379 
54 379 
54 379 
62 380 
62 380 
62 380 
62 380 
62 380 
62 380 
62 380 
62 380 
62 380 
62 380 
62 380 
62 380 
62 380 
62 380 
78 378 
75 377 
80 379 
77 377 
77 377 
77 377 
77 377 
77 377 
84 375 
86 379 
86 379 
86 379 
86 379 
86 379 
86 379 
95 382 
95 382 
96 376 
96 378 
96 378 
96 378 
96 378 
96 378 
96 378 
99 379 
99 379 
99 379 
99 379 
99 379 
99 379 
99 379 
99 379 
108 378 
108 378 
108 378 
108 378 
113 379 
113 379 
113 379 
116 379 
116 379 
116 379 
116 379 
116 379 
116 379 
124 377 
124 377 
124 377 
124 377 
124 377 
124 377 
124 377 
124 377 
124 377 
124 377 
124 377 
132 378 
132 378 
132 378 
132 378 
132 378 
132 378 
132 378 
132 378 
132 378 
132 378 
135 380 
135 380 
135 380 
135 380 
135 380 
135 380 
135 380 
135 380 
143 379 
143 379 
143 379 
143 379 
143 379 
143 379 
143 379 
143 379 
143 379 
143 379 
143 379 
143 379 
143 379 
143 379 
143 379 
143 379 
143 379 
143 379 
143 379 
143 379 
143 379 
143 379 
143 379 
143 379 
143 379 
143 379 
143 379 
143 379 
143 379 
158 384 
158 384 
168 381 
168 381 
173 380 
173 380 
173 380 
173 380 
173 380 
173 380 
173 380 
173 380 
173 380 
186 378 
186 378 
186 378 
186 378 
186 378 
186 378 
200 372 
200 372 
200 372 
200 372 
200 372 
200 372 
200 372 
200 372 
202 371 
202 371 
202 371 
202 371 
202 371 
202 371 
202 371 
209 373 
209 373 
209 373
