0.5 0.9943019943019943 
0.5 0.9943019943019943 
0.5 0.9943019943019943 
0.5 0.9943019943019943 
1.5 0.9830028328611898 
0.5 0.9943019943019943 
0.5 0.9943019943019943 
0.5 0.9943019943019943 
1.5 0.9830028328611898 
2.5 0.971830985915493 
1.5 0.9830028328611898 
2.5 0.971830985915493 
3.905124837953327 0.9568956054008563 
4.6097722286464435 0.946100157929594 
3.905124837953327 0.9568956054008563 
4.6097722286464435 0.946100157929594 
3.905124837953327 0.9568956054008563 
4.6097722286464435 0.946100157929594 
5.408326913195984 0.9354231657269417 
7.433034373659253 0.915513943709392 
5.408326913195984 0.9354231657269417 
7.433034373659253 0.915513943709392 
5.408326913195984 0.9354231657269417 
7.433034373659253 0.915513943709392 
5.408326913195984 0.9354231657269417 
7.433034373659253 0.915513943709392 
5.408326913195984 0.9354231657269417 
7.433034373659253 0.915513943709392 
7.158910531638177 0.9144168331221317 
9.013878188659973 0.89504269869955 
8.200609733428363 0.9052233329295837 
9.013878188659973 0.89504269869955 
8.200609733428363 0.9052233329295837 
10.259142264341596 0.8860871098571681 
11.01135777277262 0.8761620768286266 
13.0862523283024 0.8577572132252305 
11.01135777277262 0.8761620768286266 
13.0862523283024 0.8577572132252305 
12.379418403139947 0.8674358025294886 
13.313526955694348 0.8684274883834678 
16.347782724271816 0.860549258633046 
18.580904176062045 0.8425495262704565 
20.081085628023203 0.8432607931398163 
24.19194080680589 0.8173785978862949 
29.71952220342716 0.801413375191156 
31.03626910567699 0.8365006215531273 
50.15226814412286 0.6518918918918919 
21.360009363293827 0.768331393503333 
49.327983944207574 0.5453878206795314 
69.54315207121402 0.41789066228326 
81.3956387038028 0.35960340663531204 
83.6376111567039 0.35758781927937167 
87.78524933039719 0.33969278249281054 
97.56664389021486 0.28907850652011474 
111.43720204671328 0.22656049319291036 
112.34878726537283 0.22279129321382843 
99.48994924111682 0.2692475649812983 
99.07699026514683 0.27362444749276027 
99.07699026514683 0.27362444749276027 
99.07699026514683 0.27362444749276027 
99.95123811139109 0.2637051039697543 
108.55067940828376 0.22692630641956843 
117.88235661030873 0.18943828621247977 
117.88235661030873 0.18943828621247977 
117.88235661030873 0.18943828621247977 
99.95123811139109 0.2637051039697543 
108.55067940828376 0.22692630641956843 
117.88235661030873 0.18943828621247977 
117.88235661030873 0.18943828621247977 
117.88235661030873 0.18943828621247977 
108.5 0.2345679012345679 
110.51809806543 0.22447110541258358 
108.95526604987938 0.22538573988277724 
107.76942980270425 0.23021715126978284 
107.76942980270425 0.23021715126978284 
107.76942980270425 0.23021715126978284 
107.76942980270425 0.23021715126978284 
106.21322893124001 0.2367205168881263 
99.35416448242117 0.2676410215081799 
99.35416448242117 0.2676410215081799 
99.35416448242117 0.2676410215081799 
98.68257191622034 0.27410993367385833 
97.62812094883319 0.2796401311224368 
97.62812094883319 0.2796401311224368 
97.62812094883319 0.2796401311224368 
97.62812094883319 0.2796401311224368 
97.62812094883319 0.2796401311224368 
97.62812094883319 0.2796401311224368 
97.62812094883319 0.2796401311224368 
83.36815938954152 0.34405629555164613 
80.9027193609708 0.3552758954501452 
79.88272654335229 0.359589580886428 
80.69231685854608 0.3584016174834518 
80.50621094052309 0.36244363488141035 
81.55519603311612 0.3633744793020991 
81.55519603311612 0.3633744793020991 
83.48203399534538 0.3734584546794664 
93.03897032964197 0.3547609156035627 
92.35935253129485 0.3590851334180432 
100.72859574122931 0.3539240506329114 
110.02386104841077 0.3450230625682194 
116.05278971226845 0.34551712339106544 
135.37448060842192 0.31630764383885324 
138.06610735441194 0.3196075721984248 
156.74900318662316 0.2898433279308482 
165.29443426806603 0.2847986315981665 
181.13875896671038 0.26469127627876177 
195.82198548681913 0.24066255277687562 
209.09148715335112 0.23524656426839127 
227.33510507618485 0.200961128202825 
248.87597312717836 0.17082995818464436 
255.7073522603525 0.16184087038131323 
273.19269755979934 0.14024988273421177 
288.8014023511659 0.1209765995086819 
295.7114302829703 0.11177172507556639 
311.61073473165203 0.09000933478450507 
320.4251082546435 0.07933125055500391 
326.36827358062857 0.07158886894075404 
335.19732994163303 0.06098059365712948 
339.1625716378504 0.05586113491251831 
348.0808095830622 0.04449044959181282 
335.19732994163303 0.06098059365712948 
343.1053045349197 0.051046919772181454 
343.1053045349197 0.051046919772181454 
341.0824680337587 0.05414621646659965 
341.0824680337587 0.05414621646659965 
341.0824680337587 0.05414621646659965 
341.0824680337587 0.05414621646659965 
341.0824680337587 0.05414621646659965 
336.0003720236036 0.06387211254605206 
336.0003720236036 0.06387211254605206 
336.0003720236036 0.06387211254605206 
336.00930046651985 0.06309386554287759 
336.00930046651985 0.06309386554287759 
333.0093842521559 0.06748637697359229 
333.0093842521559 0.06748637697359229 
330.03068039199024 0.07102231763782303 
329.00341943511773 0.0738567682292608 
329.00341943511773 0.0738567682292608 
321.0003894078635 0.08650161918808992 
323.00348295335766 0.08291114377933559 
323.00348295335766 0.08291114377933559 
323.00348295335766 0.08291114377933559 
323.00348295335766 0.08291114377933559 
323.00348295335766 0.08291114377933559 
323.00348295335766 0.08291114377933559 
315.00992047870494 0.09462308369322717 
315.00992047870494 0.09462308369322717 
315.00992047870494 0.09462308369322717 
315.00992047870494 0.09462308369322717 
315.00992047870494 0.09462308369322717 
315.00992047870494 0.09462308369322717 
315.00992047870494 0.09462308369322717 
315.00992047870494 0.09462308369322717 
315.00992047870494 0.09462308369322717 
315.00992047870494 0.09462308369322717 
315.00992047870494 0.09462308369322717 
315.00992047870494 0.09462308369322717 
315.00992047870494 0.09462308369322717 
315.00992047870494 0.09462308369322717 
299.0004180599084 0.1214890556256894 
302.00041390700113 0.11658593619508936 
297.0037878546333 0.1239780584687165 
300.0004166663773 0.11984990493420777 
300.0004166663773 0.11984990493420777 
300.0004166663773 0.11984990493420777 
300.0004166663773 0.11984990493420777 
300.0004166663773 0.11984990493420777 
293.0106653348987 0.1297239062929086 
291.00386595370173 0.13390127341268662 
291.00386595370173 0.13390127341268662 
291.00386595370173 0.13390127341268662 
291.00386595370173 0.13390127341268662 
291.00386595370173 0.13390127341268662 
291.00386595370173 0.13390127341268662 
282.03590196994423 0.14616373767681098 
282.03590196994423 0.14616373767681098 
281.0040035301988 0.15083515168730338 
281.0004448395056 0.151836520195907 
281.0004448395056 0.151836520195907 
281.0004448395056 0.151836520195907 
281.0004448395056 0.151836520195907 
281.0004448395056 0.151836520195907 
281.0004448395056 0.151836520195907 
278.0040467331366 0.15601438749394758 
278.0040467331366 0.15601438749394758 
278.0040467331366 0.15601438749394758 
278.0040467331366 0.15601438749394758 
278.0040467331366 0.15601438749394758 
278.0040467331366 0.15601438749394758 
278.0040467331366 0.15601438749394758 
278.0040467331366 0.15601438749394758 
269.00046468361353 0.1729973723806056 
269.00046468361353 0.1729973723806056 
269.00046468361353 0.1729973723806056 
269.00046468361353 0.1729973723806056 
264.00426132924446 0.1808137635016383 
264.00426132924446 0.1808137635016383 
264.00426132924446 0.1808137635016383 
261.0043103092361 0.18626698548885823 
261.0043103092361 0.18626698548885823 
261.0043103092361 0.18626698548885823 
261.0043103092361 0.18626698548885823 
261.0043103092361 0.18626698548885823 
261.0043103092361 0.18626698548885823 
253.00049407066382 0.2024516703465705 
253.00049407066382 0.2024516703465705 
253.00049407066382 0.2024516703465705 
253.00049407066382 0.2024516703465705 
253.00049407066382 0.2024516703465705 
253.00049407066382 0.2024516703465705 
253.00049407066382 0.2024516703465705 
253.00049407066382 0.2024516703465705 
253.00049407066382 0.2024516703465705 
253.00049407066382 0.2024516703465705 
253.00049407066382 0.2024516703465705 
245.0005102035504 0.21774057662794247 
245.0005102035504 0.21774057662794247 
245.0005102035504 0.21774057662794247 
245.0005102035504 0.21774057662794247 
245.0005102035504 0.21774057662794247 
245.0005102035504 0.21774057662794247 
245.0005102035504 0.21774057662794247 
245.0005102035504 0.21774057662794247 
245.0005102035504 0.21774057662794247 
245.0005102035504 0.21774057662794247 
242.01291287863134 0.22044728434504793 
242.01291287863134 0.22044728434504793 
242.01291287863134 0.22044728434504793 
242.01291287863134 0.22044728434504793 
242.01291287863134 0.22044728434504793 
242.01291287863134 0.22044728434504793 
242.01291287863134 0.22044728434504793 
242.01291287863134 0.22044728434504793 
234.00480764292 0.23771083668141674 
234.00480764292 0.23771083668141674 
234.00480764292 0.23771083668141674 
234.00480764292 0.23771083668141674 
234.00480764292 0.23771083668141674 
234.00480764292 0.23771083668141674 
234.00480764292 0.23771083668141674 
234.00480764292 0.23771083668141674 
234.00480764292 0.23771083668141674 
234.00480764292 0.23771083668141674 
234.00480764292 0.23771083668141674 
234.00480764292 0.23771083668141674 
234.00480764292 0.23771083668141674 
234.00480764292 0.23771083668141674 
234.00480764292 0.23771083668141674 
234.00480764292 0.23771083668141674 
234.00480764292 0.23771083668141674 
234.00480764292 0.23771083668141674 
234.00480764292 0.23771083668141674 
234.00480764292 0.23771083668141674 
234.00480764292 0.23771083668141674 
234.00480764292 0.23771083668141674 
234.00480764292 0.23771083668141674 
234.00480764292 0.23771083668141674 
234.00480764292 0.23771083668141674 
234.00480764292 0.23771083668141674 
234.00480764292 0.23771083668141674 
234.00480764292 0.23771083668141674 
234.00480764292 0.23771083668141674 
219.0964399528208 0.2585365394481077 
219.0964399528208 0.2585365394481077 
209.02930416570783 0.2852000134575918 
209.02930416570783 0.2852000134575918 
204.01531805234626 0.29812126802271954 
204.01531805234626 0.29812126802271954 
204.01531805234626 0.29812126802271954 
204.01531805234626 0.29812126802271954 
204.01531805234626 0.29812126802271954 
204.01531805234626 0.29812126802271954 
204.01531805234626 0.29812126802271954 
204.01531805234626 0.29812126802271954 
204.01531805234626 0.29812126802271954 
191.00065444914057 0.33206470028544244 
191.00065444914057 0.33206470028544244 
191.00065444914057 0.33206470028544244 
191.00065444914057 0.33206470028544244 
191.00065444914057 0.33206470028544244 
191.00065444914057 0.33206470028544244 
177.08543136012065 0.3511533311437306 
177.08543136012065 0.3511533311437306 
177.08543136012065 0.3511533311437306 
177.08543136012065 0.3511533311437306 
177.08543136012065 0.3511533311437306 
177.08543136012065 0.3511533311437306 
177.08543136012065 0.3511533311437306 
177.08543136012065 0.3511533311437306 
175.1206726802978 0.3529581412763546 
175.1206726802978 0.3529581412763546 
175.1206726802978 0.3529581412763546 
175.1206726802978 0.3529581412763546 
175.1206726802978 0.3529581412763546 
175.1206726802978 0.3529581412763546 
175.1206726802978 0.3529581412763546 
168.06025705085662 0.3753304599179122 
168.06025705085662 0.3753304599179122 
168.06025705085662 0.3753304599179122 
