1.118033988749895 0.9892417548022681 
2.0615528128088303 0.9841435790207353 
1.8027756377319946 0.9781546546220494 
1.8027756377319946 0.9781546546220494 
1.8027756377319946 0.9781546546220494 
3.2015621187164243 0.9622608995347234 
3.2015621187164243 0.9622608995347234 
3.2015621187164243 0.9622608995347234 
3.2015621187164243 0.9622608995347234 
4.031128874149275 0.9514995715509854 
4.031128874149275 0.9514995715509854 
4.6097722286464435 0.9466759742711219 
6.020797289396148 0.9640095437950958 
7.5 0.9220187357582919 
7.5 0.9220187357582919 
8.139410298049853 0.9118000951394912 
8.139410298049853 0.9118000951394912 
8.139410298049853 0.9118000951394912 
8.902246907382429 0.9072237614365173 
8.902246907382429 0.9072237614365173 
9.5524865872714 0.8971877624974834 
9.5524865872714 0.8971877624974834 
9.5524865872714 0.8971877624974834 
9.5524865872714 0.8971877624974834 
10.307764064044152 0.8927072511946811 
10.259142264341596 0.8872568315067642 
10.965856099730654 0.8828489934273077 
10.965856099730654 0.8828489934273077 
10.965856099730654 0.8828489934273077 
11.672617529928752 0.8730928979726118 
12.379418403139947 0.8687764549812294 
13.793114224133722 0.8549630755864466 
13.793114224133722 0.8549630755864466 
13.793114224133722 0.8549630755864466 
13.82931668593933 0.8497025320311072 
14.5 0.8455429497568882 
15.20690632574555 0.8414020335145843 
13.313526955694348 0.8697481578785329 
13.313526955694348 0.8697481578785329 
14.705441169852742 0.8559456706281834 
16.3783393541592 0.8474892512371217 
20.838665984174707 0.8129278777264767 
23.942639787625758 0.7923697966197294 
24.82438317461282 0.7884872123766393 
27.115493725912497 0.7853209211170995 
26.669270706189174 0.7678588755846223 
26.800186566514792 0.7263274923249908 
35.174564673923115 0.8039883557439056 
41.907636535600524 0.6470276264403838 
61.018439835839786 0.5427535945535528 
86.54623042050994 0.45865624799846283 
86.60975695613052 0.46608228231772414 
94.73779604782877 0.43936545055222864 
83.96576683387106 0.5134739990031567 
90.12352634024037 0.4356226557821414 
89.80116925742114 0.42584051589206334 
74.06247362868729 0.4979199210721039 
74.90827724624296 0.5037719756788731 
76.25122949828416 0.496173176099596 
76.70234676983489 0.49903734867724575 
65.91092473937837 0.5007083786366182 
63.287044487793864 0.4940056745187866 
77.07950440940834 0.40802604936808645 
78.63364419890509 0.3983145808709534 
81.84283719422244 0.39009949337728134 
70.91015442092902 0.4758124615235071 
76.03453162872775 0.4318092513713594 
82.8507694593116 0.3792811071071677 
82.8507694593116 0.3792811071071677 
85.03675675847474 0.3685270036806129 
69.03079023160608 0.43230452351378124 
70.76192479010163 0.4218420765112613 
83.79289946051514 0.3911821749820559 
82.3786987030021 0.39752086401570935 
83.0918166849179 0.3928484057734649 
84.50591695260161 0.38656600557086107 
85.94911285173337 0.37742496408860665 
84.53549550336828 0.3835965978128797 
76.11340223639986 0.4192871573021454 
76.95615634892377 0.41120337092576525 
78.36612788698955 0.4046247230974029 
75.61911134098311 0.40662734319508353 
74.47314952383846 0.4099801882119861 
76.68930825088984 0.39841475333500487 
76.96914966400499 0.39512374418034796 
78.12329998150359 0.3869459965591267 
79.32370389738492 0.3788079069251183 
80.08901297930946 0.3721756944026029 
80.94596963407135 0.36549780651350566 
70.59922095887461 0.4270317689078263 
69.75851202541521 0.4322369662285391 
70.62046445613339 0.4320793573438556 
72.40338389882064 0.42671887235708694 
71.20568797504873 0.4302880589515994 
71.43703521283621 0.4269200043858962 
68.91480247377918 0.4305351263354603 
68.37579981250677 0.4392896454020234 
72.83028216339684 0.4200615231127369 
68.44158092855541 0.4322820037105751 
69.54315207121402 0.4305426145583601 
71.14246270688132 0.425282800415139 
68.68951885113187 0.4358036755666236 
75.20804478245661 0.41315903778931473 
68.68951885113187 0.4358036755666236 
74.22432215924913 0.4132978915958608 
71.14246270688132 0.425282800415139 
72.25821752575966 0.42179769318412386 
74.74790966976936 0.4066490634795633 
69.00181157042184 0.4425108074298111 
73.91380114701178 0.41166261176798746 
86.65592882197963 0.3845569273949631 
87.5 0.4043287907751125 
95.65693911055277 0.437253478905683 
107.57439286372943 0.44619780917605967 
113.6716763314415 0.4428154350546161 
129.53474437385515 0.402836595469455 
138.01539769170685 0.3905097233105048 
150.44018745002944 0.40024183796856105 
151.43728074684913 0.39787113241229033 
155.42602742140713 0.3884680455425323 
164.33578429544795 0.3708128931290818 
151.89881500525274 0.3812679110248518 
159.65979456331516 0.3697754031065645 
159.65979456331516 0.3697754031065645 
157.76327202489176 0.37109486707371525 
157.8646572225715 0.3679515865030859 
157.97230769979907 0.36482268511813504 
160.0726397608286 0.3574199444690035 
159.19877512091605 0.3564834117576985 
153.43158084305853 0.3931537226314582 
157.49682536483076 0.38061198199518054 
161.5650023984155 0.3684036592510252 
160.41274886990746 0.3768905996513538 
162.40766607521948 0.37231350178765116 
161.48451938188998 0.3714939552250041 
162.40766607521948 0.37231350178765116 
159.34632094905737 0.3823578506502375 
158.49369072616108 0.3783211281244326 
160.48753845704033 0.3737621522716077 
153.59443349288412 0.38656600557086107 
157.49682536483076 0.38061198199518054 
158.49369072616108 0.3783211281244326 
159.49059533401962 0.3760378641021122 
160.48753845704033 0.3737621522716077 
162.48153741271653 0.3692332358010341 
163.47859187061772 0.3669799570830478 
156.42330389043698 0.38613700686758845 
157.42061491431164 0.3838137820334297 
158.4179598404171 0.38149833181680315 
159.41533803244906 0.3791906172565367 
160.41274886990746 0.3768905996513538 
161.4101917476093 0.37459824055771 
162.40766607521948 0.37231350178765116 
163.40517127679894 0.37003634540669256 
165.40027206749087 0.3655046293289097 
166.39786657286206 0.3632499950116727 
167.39548978392457 0.3610027938386147 
168.3931411904891 0.35876298911151994 
169.39082029437134 0.35653054437335263 
170.38852660904138 0.35430542340627974 
155.58679249859225 0.38198036925224144 
159.65979456331516 0.3697754031065645 
156.5 0.38291046362173486 
160.65568773000226 0.36754771364805494 
161.6516316032721 0.36532725828449814 
162.6476252516464 0.36311400183552134 
163.64366776627807 0.36090790934849837 
164.63975826026956 0.3587089460967097 
159.85383949095498 0.36356968581136706 
158.49369072616108 0.3783211281244326 
159.49059533401962 0.3760378641021122 
160.48753845704033 0.3737621522716077 
161.48451938188998 0.3714939552250041 
162.48153741271653 0.3692332358010341 
164.47568209312888 0.3647340823970037 
156.28899513401447 0.39263547325186765 
157.28715777201901 0.3902621417997385 
157.76327202489176 0.37109486707371525 
158.57569170588536 0.3751585049212004 
160.568521198895 0.37064788901928925 
161.5650023984155 0.3684036592510252 
162.561526813696 0.36616676664667064 
163.55809365482347 0.36393717528335506 
164.55470215098686 0.361714849472331 
162.48153741271653 0.3692332358010341 
164.47568209312888 0.3647340823970037 
165.47280743372912 0.36249557530947907 
166.46996726136518 0.36026439962569934 
167.46716095999238 0.3580405193875878 
168.46438792813157 0.3558238988718335 
169.46164757844178 0.3536145025879789 
170.45893933730787 0.35141229527652507 
162.561526813696 0.36616676664667064 
163.55809365482347 0.36393717528335506 
164.55470215098686 0.361714849472331 
165.5513515499043 0.35949975375707016 
161.48451938188998 0.3714939552250041 
162.48153741271653 0.3692332358010341 
163.47859187061772 0.3669799570830478 
161.48451938188998 0.3714939552250041 
162.48153741271653 0.3692332358010341 
163.47859187061772 0.3669799570830478 
164.47568209312888 0.3647340823970037 
165.47280743372912 0.36249557530947907 
166.46996726136518 0.36026439962569934 
159.65979456331516 0.3697754031065645 
160.65568773000226 0.36754771364805494 
161.6516316032721 0.36532725828449814 
162.6476252516464 0.36311400183552134 
162.6476252516464 0.36311400183552134 
163.64366776627807 0.36090790934849837 
164.63975826026956 0.3587089460967097 
165.63589586801527 0.35651707757752044 
166.6320797445678 0.35433226951057545 
167.62830906502637 0.35215448783601255 
168.62458302394703 0.3499836987126923 
161.5650023984155 0.3684036592510252 
162.561526813696 0.36616676664667064 
162.561526813696 0.36616676664667064 
163.55809365482347 0.36393717528335506 
164.55470215098686 0.361714849472331 
165.5513515499043 0.35949975375707016 
165.5513515499043 0.35949975375707016 
166.54804111727043 0.35729185291137733 
167.54477013622358 0.35509111193752324 
168.54153790683173 0.3528974960643954 
166.39786657286206 0.3632499950116727 
166.39786657286206 0.3632499950116727 
167.39548978392457 0.3610027938386147 
168.3931411904891 0.35876298911151994 
168.3931411904891 0.35876298911151994 
169.39082029437134 0.35653054437335263 
170.38852660904138 0.35430542340627974 
170.38852660904138 0.35430542340627974 
163.47859187061772 0.3669799570830478 
164.47568209312888 0.3647340823970037 
164.47568209312888 0.3647340823970037 
165.47280743372912 0.36249557530947907 
166.46996726136518 0.36026439962569934 
166.46996726136518 0.36026439962569934 
167.46716095999238 0.3580405193875878 
167.46716095999238 0.3580405193875878 
168.46438792813157 0.3558238988718335 
169.46164757844178 0.3536145025879789 
170.45893933730787 0.35141229527652507 
170.45893933730787 0.35141229527652507 
170.45893933730787 0.35141229527652507 
171.45626264444235 0.34921724190705644 
172.45361695250116 0.3470293076763833 
173.45100172671243 0.3448484580067024 
173.45100172671243 0.3448484580067024 
174.44841644451807 0.34267465854377516 
174.44841644451807 0.34267465854377516 
175.4458605952275 0.34050787515512415 
175.4458605952275 0.34050787515512415 
175.4458605952275 0.34050787515512415 
176.44333367968312 0.3383480739282461 
176.44333367968312 0.3383480739282461 
177.44083520993695 0.3361952211688432 
177.44083520993695 0.3361952211688432 
178.43836470893808 0.3340492833990706 
179.36903300179773 0.334603044376401 
179.36903300179773 0.334603044376401 
164.12876042912163 0.3831344326015001 
165.12798066954008 0.38075148918540674 
155.2908561377649 0.39501692163979113 
155.23288955630505 0.3983145808709534 
151.29854592824083 0.4046247230974029 
152.3622328531582 0.3988513866281748 
152.3622328531582 0.3988513866281748 
152.2965856478733 0.4022103869716467 
153.29465091776686 0.3998043363570708 
153.29465091776686 0.3998043363570708 
154.29274124209473 0.3974065286754479 
154.29274124209473 0.3974065286754479 
154.23439953525283 0.4007298671477776 
141.39041693127578 0.42558019436315553 
141.39041693127578 0.42558019436315553 
141.39041693127578 0.42558019436315553 
142.31742690197854 0.42673376908137906 
141.31967308198813 0.42923336802414064 
141.31967308198813 0.42923336802414064 
127.94236983892397 0.4411567728905084 
127.94236983892397 0.4411567728905084 
127.94236983892397 0.4411567728905084 
128.93506117422058 0.4387062130831675 
127.94236983892397 0.4411567728905084 
127.8250757871866 0.4451042498400427 
127.71550414886988 0.4490734112781357 
127.71550414886988 0.4490734112781357 
125.83818975176018 0.4500883462536413 
125.83818975176018 0.4500883462536413 
125.83818975176018 0.4500883462536413 
125.83818975176018 0.4500883462536413 
125.72688654380971 0.45411591935767076 
125.72688654380971 0.45411591935767076 
125.72688654380971 0.45411591935767076 
118.55905701379376 0.48059378047459095 
118.55905701379376 0.48059378047459095 
118.46623991669526 0.4849057833996218 
