3.0 0.9844961240310077 
3.0 0.9844961240310077 
3.0 0.9844961240310077 
4.0 0.979381443298969 
4.0 0.979381443298969 
4.123105625617661 0.9686698946169182 
4.123105625617661 0.9686698946169182 
4.123105625617661 0.9686698946169182 
4.123105625617661 0.9686698946169182 
4.123105625617661 0.9686698946169182 
4.47213595499958 0.9580736543909348 
4.47213595499958 0.9580736543909348 
7.280109889280518 0.9433744763404279 
7.615773105863909 0.9331291689390443 
7.615773105863909 0.9331291689390443 
7.615773105863909 0.9331291689390443 
8.06225774829855 0.922991319830848 
8.06225774829855 0.922991319830848 
8.06225774829855 0.922991319830848 
8.94427190999916 0.9182948490230906 
8.94427190999916 0.9182948490230906 
9.433981132056603 0.9083379348426284 
9.433981132056603 0.9083379348426284 
9.433981132056603 0.9083379348426284 
9.433981132056603 0.9083379348426284 
9.433981132056603 0.9083379348426284 
9.433981132056603 0.9083379348426284 
10.0 0.8984838497033619 
10.0 0.8984838497033619 
10.0 0.8984838497033619 
10.0 0.8984838497033619 
10.63014581273465 0.8887310088534266 
10.63014581273465 0.8887310088534266 
11.40175425099138 0.8842772439173993 
12.041594578792296 0.8746948738812043 
12.041594578792296 0.8746948738812043 
12.806248474865697 0.8703322870440524 
13.45362404707371 0.8609159195541556 
14.212670403551895 0.8566420887223498 
14.212670403551895 0.8566420887223498 
15.0 0.8523878437047757 
24.20743687382041 0.7719669294366468 
29.410882339705484 0.7375565610859729 
31.906112267087632 0.7269422478731776 
36.235341863986875 0.7095370003957262 
38.01315561749642 0.702672742948639 
38.91015291668744 0.6992612442073433 
55.326304774492215 0.5192878338278932 
85.61541917201598 0.3417581457647847 
105.75916035975324 0.250814332247557 
117.6860229593982 0.21492288087181965 
120.3536455617361 0.21218498447940232 
124.42266674525185 0.19962511715089035 
134.61797799699713 0.16104648721286693 
148.77163708180402 0.11284635571798876 
150.6154042586614 0.10703589217931675 
137.8985134075056 0.13927806164496456 
137.41906709041507 0.14368919187239393 
138.351002887583 0.14053759714865602 
138.351002887583 0.14053759714865602 
140.18559127100045 0.1253663301856073 
148.70776711389354 0.09753483386923902 
158.8584275384847 0.06548279689234185 
159.84054554461454 0.06258359083152701 
159.84054554461454 0.06258359083152701 
143.09786860746738 0.11582855759141174 
152.6106156202772 0.08543565825736697 
162.78820596099706 0.053979871912168347 
163.77118183612157 0.05114284410785164 
164.75436261295178 0.04832104832104832 
155.46382215808282 0.07212657049790601 
158.3161394173064 0.06328646586468942 
158.90248582070703 0.0673667142801992 
158.68522300453813 0.06757278554328519 
160.63934760823702 0.061832706045011135 
161.83015788165073 0.058807309937041405 
162.8066337714775 0.05598460022458006 
163.1686244349691 0.05365853658536585 
157.16551784663199 0.06922422461133886 
159.13830462839547 0.063335538359768 
160.12495120998477 0.06041545211868307 
161.1241757155021 0.05575072552314037 
161.00931650062986 0.05591200733272227 
162.9969324864735 0.05004101722723544 
164.98484778912274 0.04423495286439449 
166.86821147240718 0.03860197442562847 
167.7647161950331 0.035847020740918355 
169.57889019568444 0.030334650070805696 
171.35343591536179 0.02488823647160873 
158.71042813879623 0.06238760547793609 
157.62296786953354 0.06559778000462499 
156.92354826475216 0.06805117745225292 
158.14550262337528 0.06465401055104163 
157.91770008456936 0.06503131765267837 
157.8131806916013 0.06522007150782888 
160.25292509030842 0.05736576411197797 
158.15498727514097 0.0638265125513675 
158.91192529196795 0.06202848670159642 
160.15305179733542 0.0576893649579189 
159.38004893963358 0.060065794014125005 
158.5339080449353 0.0627469672042928 
157.3848785620779 0.06616484525030657 
159.38946012832844 0.0613109770141416 
158.38244852255568 0.06310657212728979 
161.00931650062986 0.05591200733272227 
159.6151621870554 0.0595539204414808 
159.80300372646317 0.05921294593600589 
161.7930777258409 0.053273192734365475 
155.72411502397438 0.07150331356818974 
161.00931650062986 0.05591200733272227 
161.94134740701648 0.05478406836563406 
163.3064603743526 0.0482097632732291 
161.5239920259526 0.053730819949539224 
161.31026005806325 0.05418884499824607 
162.04937519163718 0.052054794520547946 
163.19620093617377 0.04848006795704144 
162.11107303327555 0.051766639276910435 
163.02760502442524 0.04915643997176749 
161.0496817755316 0.05510609067317967 
161.00310556011024 0.0555653123401266 
160.04999218994044 0.058175137783221066 
165.43578814754684 0.04206241519674356 
163.1502375113196 0.0486152725838384 
164.19500601419034 0.04549854791868345 
165.3027525481654 0.04229812259669758 
166.24379687675568 0.039476652379878185 
167.19150696132863 0.03665486831843542 
168.14577009250038 0.033832899578210535 
168.1071087134628 0.033925686591276254 
162.30834852218786 0.051190802080481795 
162.24980739587951 0.0513347022587269 
162.19741058352318 0.05147864184008762 
161.15210206509875 0.05464726839949038 
161.07762104029226 0.0549531055639924 
161.15210206509875 0.05464726839949038 
161.11176245079065 0.05480016481252575 
159.20113064925135 0.060578162401031116 
162.19741058352318 0.05147864184008762 
162.11107303327555 0.051766639276910435 
163.51758315239374 0.04780456746985212 
162.30834852218786 0.051190802080481795 
162.24980739587951 0.0513347022587269 
162.19741058352318 0.05147864184008762 
162.15116404145854 0.05162262084075037 
162.11107303327555 0.051766639276910435 
162.077142126828 0.05191069716477195 
161.37533888422976 0.05403612574626581 
161.31026005806325 0.05418884499824607 
161.25135658344087 0.05434160851161195 
161.19863522995473 0.054494416305608105 
161.15210206509875 0.05464726839949038 
161.11176245079065 0.05480016481252575 
161.07762104029226 0.0549531055639924 
161.0496817755316 0.05510609067317967 
161.01242188104618 0.05541219404192942 
161.00310556011024 0.0555653123401266 
161.0 0.05571847507331378 
161.00310556011024 0.0555653123401266 
161.01242188104618 0.05541219404192942 
161.02794788483146 0.055259120159388095 
163.37074401495514 0.048074663189258446 
164.14932226482082 0.045625075638387996 
162.3730273167314 0.051046941289174766 
164.14932226482082 0.045625075638387996 
164.1097193952875 0.0457516339869281 
164.0762018087937 0.0458782229754267 
164.04877323527901 0.04600484261501211 
164.02743672934722 0.046131492916818014 
166.19265928433782 0.03958609072313801 
162.24980739587951 0.0513347022587269 
162.19741058352318 0.05147864184008762 
162.15116404145854 0.05162262084075037 
162.11107303327555 0.051766639276910435 
162.077142126828 0.05191069716477195 
162.02777539668932 0.05219893136046034 
159.38004893963358 0.060065794014125005 
159.31415505221122 0.06023652846164466 
165.3027525481654 0.04229812259669758 
163.24827717314508 0.048344898191332045 
163.19620093617377 0.04848006795704144 
163.11039206623224 0.04875051208521098 
163.07666908543356 0.048885786474654205 
163.04907236779974 0.049021095765670056 
163.02760502442524 0.04915643997176749 
162.077142126828 0.05191069716477195 
162.04937519163718 0.052054794520547946 
162.01234520862909 0.05234310770073993 
162.00308639035245 0.05248732355762642 
162.0 0.05263157894736842 
162.00308639035245 0.05248732355762642 
162.02777539668932 0.05219893136046034 
162.02777539668932 0.05219893136046034 
163.04907236779974 0.049021095765670056 
163.02760502442524 0.04915643997176749 
163.01226947687098 0.04929181910646244 
163.00306745579974 0.04942723318327779 
162.077142126828 0.05191069716477195 
162.04937519163718 0.052054794520547946 
162.02777539668932 0.05219893136046034 
162.077142126828 0.05191069716477195 
162.04937519163718 0.052054794520547946 
162.02777539668932 0.05219893136046034 
162.01234520862909 0.05234310770073993 
162.00308639035245 0.05248732355762642 
162.0 0.05263157894736842 
164.14932226482082 0.045625075638387996 
164.1097193952875 0.0457516339869281 
164.0762018087937 0.0458782229754267 
164.04877323527901 0.04600484261501211 
164.02743672934722 0.046131492916818014 
164.01219466856725 0.04625817389198353 
164.00304875214974 0.04638488555165314 
164.0 0.046511627906976744 
164.0 0.046511627906976744 
164.00304875214974 0.04638488555165314 
164.01219466856725 0.04625817389198353 
163.07666908543356 0.048885786474654205 
163.07666908543356 0.048885786474654205 
163.04907236779974 0.049021095765670056 
163.02760502442524 0.04915643997176749 
163.01226947687098 0.04929181910646244 
163.01226947687098 0.04929181910646244 
163.00306745579974 0.04942723318327779 
163.0 0.04956268221574344 
163.0 0.04956268221574344 
163.00306745579974 0.04942723318327779 
161.00310556011024 0.0555653123401266 
161.00310556011024 0.0555653123401266 
161.0 0.05571847507331378 
161.00310556011024 0.0555653123401266 
161.00310556011024 0.0555653123401266 
161.01242188104618 0.05541219404192942 
161.01242188104618 0.05541219404192942 
161.02794788483146 0.055259120159388095 
162.04937519163718 0.052054794520547946 
162.04937519163718 0.052054794520547946 
162.02777539668932 0.05219893136046034 
162.02777539668932 0.05219893136046034 
162.01234520862909 0.05234310770073993 
162.01234520862909 0.05234310770073993 
162.00308639035245 0.05248732355762642 
162.00308639035245 0.05248732355762642 
162.0 0.05263157894736842 
162.00308639035245 0.05248732355762642 
162.00308639035245 0.05248732355762642 
162.01234520862909 0.05234310770073993 
162.01234520862909 0.05234310770073993 
162.02777539668932 0.05219893136046034 
162.02777539668932 0.05219893136046034 
162.02777539668932 0.05219893136046034 
162.04937519163718 0.052054794520547946 
162.04937519163718 0.052054794520547946 
162.077142126828 0.05191069716477195 
162.077142126828 0.05191069716477195 
162.077142126828 0.05191069716477195 
162.11107303327555 0.051766639276910435 
162.11107303327555 0.051766639276910435 
162.15116404145854 0.05162262084075037 
162.15116404145854 0.05162262084075037 
162.15116404145854 0.05162262084075037 
162.19741058352318 0.05147864184008762 
161.19863522995473 0.054494416305608105 
161.25135658344087 0.05434160851161195 
156.11534197509224 0.07023411371237458 
156.11534197509224 0.07023411371237458 
159.80300372646317 0.05921294593600589 
159.70597985047397 0.05938340575212084 
160.25292509030842 0.058531654874575026 
160.25292509030842 0.058531654874575026 
160.13119621110684 0.058701895462377945 
160.13119621110684 0.058701895462377945 
160.13119621110684 0.058701895462377945 
159.13830462839547 0.06166961062898395 
159.13830462839547 0.06166961062898395 
159.13830462839547 0.06166961062898395 
159.02201105507376 0.0618490183427044 
162.97545827516484 0.05381917975301113 
161.99382704288456 0.05666261551514595 
161.99382704288456 0.05666261551514595 
161.99382704288456 0.05666261551514595 
161.99382704288456 0.05666261551514595 
161.99382704288456 0.05666261551514595 
170.06175348972502 0.04083845319840983 
170.06175348972502 0.04083845319840983 
170.06175348972502 0.04083845319840983 
170.06175348972502 0.04083845319840983 
169.09760495051373 0.04350189089426844 
169.09760495051373 0.04350189089426844 
169.09760495051373 0.04350189089426844 
169.09760495051373 0.04350189089426844 
170.60187572239644 0.040587739371311576 
169.64079697997178 0.04323414659915026 
169.64079697997178 0.04323414659915026 
169.64079697997178 0.04323414659915026 
169.64079697997178 0.04323414659915026 
169.64079697997178 0.04323414659915026 
168.6801707374047 0.04589404875391529 
168.86681142249356 0.05013673655423884 
168.86681142249356 0.05013673655423884 
168.86681142249356 0.05013673655423884 
