4.123105625617661 0.9666160849772383 
4.0 0.978494623655914 
4.123105625617661 0.9666160849772383 
4.0 0.978494623655914 
4.123105625617661 0.9666160849772383 
4.0 0.978494623655914 
4.123105625617661 0.9666160849772383 
4.47213595499958 0.9548793284365162 
4.123105625617661 0.9666160849772383 
4.47213595499958 0.9548793284365162 
4.123105625617661 0.9666160849772383 
4.47213595499958 0.9548793284365162 
7.0710678118654755 0.9510726383138879 
7.615773105863909 0.928290718548348 
8.06225774829855 0.9170981123581052 
7.615773105863909 0.928290718548348 
8.06225774829855 0.9170981123581052 
12.083045973594572 0.8870898817719957 
8.06225774829855 0.9170981123581052 
8.602325267042627 0.9060346894732635 
8.06225774829855 0.9170981123581052 
8.602325267042627 0.9060346894732635 
12.529964086141668 0.8764872521246458 
8.602325267042627 0.9060346894732635 
12.529964086141668 0.8764872521246458 
8.602325267042627 0.9060346894732635 
9.219544457292887 0.8950982262063704 
13.038404810405298 0.8660030987370299 
12.529964086141668 0.8764872521246458 
13.038404810405298 0.8660030987370299 
12.529964086141668 0.8764872521246458 
13.038404810405298 0.8660030987370299 
13.601470508735444 0.8556354468204315 
14.212670403551895 0.8453823652319264 
13.601470508735444 0.8556354468204315 
14.212670403551895 0.8453823652319264 
13.601470508735444 0.8556354468204315 
14.212670403551895 0.8453823652319264 
17.0 0.8380144905195005 
16.55294535724685 0.8480710510408109 
68.00735254367721 0.5646012125029525 
66.2872536767062 0.6093946142943916 
61.5223536610881 0.6570586763765739 
65.19202405202648 0.6638338845397078 
49.64876634922564 0.7007388811228711 
58.9406481131655 0.6218730871250765 
96.46242791885346 0.4326980846410805 
86.97700845625813 0.46848289282459293 
76.55063683601855 0.5097244732576985 
85.75546629807339 0.4074152767449272 
72.47068372797375 0.43583815028901735 
80.45495634204272 0.42738112340181006 
81.40024569987489 0.40284494017154354 
24.08318915758459 0.750014677390947 
34.438350715445125 0.6335612215539328 
39.92492955535426 0.5874951735523986 
39.6232255123179 0.6138821586648439 
33.60059523282288 0.6838299675187121 
29.832867780352597 0.7058242843040474 
24.839484696748443 0.7462725914643077 
61.26989472816156 0.5489301999298491 
21.18962010041709 0.8261349016724867 
28.0178514522438 0.7314629258517034 
27.018512172212592 0.8534143725420092 
6.4031242374328485 0.9268883932900223 
16.76305461424021 0.8001630582480297 
7.211102550927978 0.9093005380476556 
7.0710678118654755 0.912393539384413 
30.610455730027933 0.6776699029126214 
13.92838827718412 0.8302555836979046 
37.589892258425 0.6795131845841785 
24.20743687382041 0.7552444464072782 
20.591260281974 0.7617021276595745 
22.825424421026653 0.7396480784382387 
13.92838827718412 0.8302555836979046 
24.596747752497688 0.7217120083174493 
25.495097567963924 0.7128819549196225 
26.92582403567252 0.7026818610230486 
24.08318915758459 0.7394957983193278 
24.839484696748443 0.7306084533209475 
25.612496949731394 0.7218114602587801 
28.319604517012593 0.7027548091341417 
29.0 0.6993329912775782 
29.732137494637012 0.6909462219196733 
32.01562118716424 0.6662753647492873 
32.802438933713454 0.6582109479305741 
32.01562118716424 0.6662753647492873 
34.40930106817051 0.6423140495867768 
35.22782990761707 0.6344793551570982 
22.67156809750927 0.7628742514970059 
23.430749027719962 0.7590510755067718 
19.1049731745428 0.7933399512679361 
19.79898987322333 0.7838420107719928 
23.430749027719962 0.7590510755067718 
25.612496949731394 0.7425464749210803 
29.410882339705484 0.7192294382281693 
23.323807579381203 0.7787325456498388 
22.02271554554524 0.7720706260032103 
29.68164415931166 0.7241518928767678 
27.459060435491963 0.7401812688821753 
23.430749027719962 0.7590510755067718 
25.238858928247925 0.7566150038305145 
18.601075237738275 0.7861669138465687 
27.459060435491963 0.7401812688821753 
22.67156809750927 0.7522006848207856 
25.238858928247925 0.7566150038305145 
21.2602916254693 0.7759771210676835 
15.033296378372908 0.8263866550250448 
14.866068747318506 0.8731265906305966 
32.14031735997639 0.811816192560175 
286.2516375499012 0.115026371899899 
269.1858094328154 0.14443676572218384 
279.3027031734566 0.12513800945541706 
279.35103364763125 0.1241938525363002 
274.35743110038044 0.13209266995822255 
278.25887227544064 0.12768130745658834 
275.35613303502066 0.13050403913983388 
269.2675249635574 0.14226590791515778 
274.4102767754881 0.1310831578348227 
266.3174797117155 0.14608685622008188 
271.4148116813082 0.13583492898173816 
258.1937257177254 0.1631028562509755 
262.2746651889961 0.15387295319939612 
258.15692901799093 0.16435225874494638 
256.1581542719263 0.16784203102961917 
260.1230478062257 0.16210526315789472 
260.09421369957465 0.16332982086406744 
260.06922155457 0.16455696202531644 
260.0480724789169 0.16578669482576558 
259.3260495977988 0.15769339068462293 
263.32109676210905 0.15103246546381302 
263.2736219221364 0.15220038267524788 
263.32109676210905 0.15103246546381302 
267.36678926149375 0.14333934256453532 
264.31988196123274 0.14937919333693223 
264.3709515056448 0.14822804314329738 
261.43067914841214 0.15196660966348802 
264.31988196123274 0.14937919333693223 
264.27258654654287 0.1505326540064845 
256.28109567426156 0.1640112464854733 
258.2789190003706 0.1606120780282677 
262.32232081925474 0.15269050058972525 
262.2746651889961 0.15387295319939612 
266.3174797117155 0.14608685622008188 
266.27053911388697 0.14721163837894008 
266.3174797117155 0.14608685622008188 
258.3273117577776 0.15937068512864394 
262.37377917772193 0.1515104689793711 
262.32232081925474 0.15269050058972525 
266.36816626616627 0.14496427748329108 
262.32232081925474 0.15269050058972525 
266.36816626616627 0.14496427748329108 
266.3174797117155 0.14608685622008188 
270.36271932350434 0.13849209380490413 
266.3174797117155 0.14608685622008188 
270.36271932350434 0.13849209380490413 
270.31278179176064 0.13955844404090606 
274.35743110038044 0.13209266995822255 
270.31278179176064 0.13955844404090606 
274.35743110038044 0.13209266995822255 
258.2343896540505 0.16185613221336556 
265.228203628498 0.15001109192797 
260.27677575995904 0.15723270440251572 
263.2299375071156 0.15337067239327898 
263.1900454044567 0.1545433418545201 
267.22649569232465 0.14667102643752225 
267.1872002922296 0.14778590681555642 
271.2231553536681 0.1400487641631209 
264.12118430750684 0.1551697411254069 
262.32232081925474 0.15269050058972525 
262.2746651889961 0.15387295319939612 
266.3174797117155 0.14608685622008188 
266.27053911388697 0.14721163837894008 
266.3174797117155 0.14608685622008188 
266.27053911388697 0.14721163837894008 
261.48996156640504 0.15077695203165717 
261.43067914841214 0.15196660966348802 
260.1922366251537 0.15966386554621848 
264.2290672882149 0.1516884321149834 
264.27258654654287 0.1505326540064845 
264.2290672882149 0.1516884321149834 
268.26852219371546 0.14390973981119043 
268.2256512714621 0.1450082587485115 
268.26852219371546 0.14390973981119043 
265.27155897306443 0.14886974619876278 
269.31394319641157 0.14118356447583771 
269.2675249635574 0.14226590791515778 
269.31394319641157 0.14118356447583771 
269.2675249635574 0.14226590791515778 
273.3093485411723 0.1347107359365037 
273.26360899322106 0.1357375550094302 
273.3093485411723 0.1347107359365037 
264.2290672882149 0.1516884321149834 
268.26852219371546 0.14390973981119043 
268.2256512714621 0.1450082587485115 
268.26852219371546 0.14390973981119043 
267.2695268825086 0.14555830979420073 
267.31629205867716 0.14444775059270706 
267.2695268825086 0.14555830979420073 
264.31988196123274 0.14937919333693223 
268.36542251191753 0.14171901332924774 
268.31511325305553 0.142813326687881 
268.26852219371546 0.14390973981119043 
268.31511325305553 0.142813326687881 
272.360055808483 0.13528336380255943 
264.2290672882149 0.1516884321149834 
264.18932605235966 0.15284653465346534 
264.2290672882149 0.1516884321149834 
268.1865022703417 0.14610888957243925 
268.2256512714621 0.1450082587485115 
268.1865022703417 0.14610888957243925 
268.2256512714621 0.1450082587485115 
268.1865022703417 0.14610888957243925 
272.2223356008834 0.1384051329055912 
272.18376145538144 0.13944954128440368 
272.2223356008834 0.1384051329055912 
264.2290672882149 0.1516884321149834 
264.27258654654287 0.1505326540064845 
268.2256512714621 0.1450082587485115 
268.26852219371546 0.14390973981119043 
268.2256512714621 0.1450082587485115 
268.26852219371546 0.14390973981119043 
268.2256512714621 0.1450082587485115 
272.26457720386617 0.13736263736263737 
272.2223356008834 0.1384051329055912 
272.26457720386617 0.13736263736263737 
269.31394319641157 0.14118356447583771 
269.3640659033792 0.14010327022375216 
269.31394319641157 0.14118356447583771 
273.3587386567329 0.13368577187844674 
269.31394319641157 0.14118356447583771 
273.3587386567329 0.13368577187844674 
273.3093485411723 0.1347107359365037 
273.3587386567329 0.13368577187844674 
265.27155897306443 0.14886974619876278 
269.31394319641157 0.14118356447583771 
269.2675249635574 0.14226590791515778 
269.31394319641157 0.14118356447583771 
269.2675249635574 0.14226590791515778 
269.31394319641157 0.14118356447583771 
269.2675249635574 0.14226590791515778 
269.31394319641157 0.14118356447583771 
269.2675249635574 0.14226590791515778 
273.3093485411723 0.1347107359365037 
273.26360899322106 0.1357375550094302 
273.3093485411723 0.1347107359365037 
273.26360899322106 0.1357375550094302 
273.3093485411723 0.1347107359365037 
273.26360899322106 0.1357375550094302 
277.3048863615641 0.12831092142742234 
273.26360899322106 0.1357375550094302 
277.3048863615641 0.12831092142742234 
277.25980595823836 0.12928340057964427 
277.3048863615641 0.12831092142742234 
273.26360899322106 0.1357375550094302 
277.3048863615641 0.12831092142742234 
277.25980595823836 0.12928340057964427 
277.3048863615641 0.12831092142742234 
277.35356496717327 0.12734011572935972 
277.3048863615641 0.12831092142742234 
281.3485382936972 0.12106510210989507 
277.3048863615641 0.12831092142742234 
281.3485382936972 0.12106510210989507 
262.6175927084855 0.14681440443213298 
266.6777081047458 0.13938420962100798 
256.56383221335 0.15768215006990835 
256.4995126701024 0.1589424572317263 
251.5094431626773 0.16722466960352422 
247.45504642257754 0.17533638917640101 
251.5094431626773 0.16722466960352422 
251.57503850740042 0.16588928980022882 
251.5094431626773 0.16722466960352422 
251.57503850740042 0.16588928980022882 
251.5094431626773 0.16722466960352422 
251.57503850740042 0.16588928980022882 
255.63450471327224 0.15804195804195803 
238.47222060441337 0.19086714208665428 
242.52834885843757 0.18243484469832202 
242.46443038103547 0.1839142091152815 
242.52834885843757 0.18243484469832202 
242.5963726027246 0.1809591727580674 
242.52834885843757 0.18243484469832202 
228.26519664635694 0.215511968356237 
228.21919288263203 0.21724926494609606 
228.26519664635694 0.215511968356237 
228.31557108528537 0.2137796237478622 
224.26992665089986 0.22304283604135894 
228.31557108528537 0.2137796237478622 
228.26519664635694 0.215511968356237 
228.31557108528537 0.2137796237478622 
226.3183598385248 0.21749785565494426 
226.2675407565124 0.21926577359648225 
226.3183598385248 0.21749785565494426 
226.37358503146962 0.21573505720170483 
226.3183598385248 0.21749785565494426 
226.37358503146962 0.21573505720170483 
222.32408776378685 0.2250030822340032 
219.5130975591206 0.22504084085935333 
219.58369702689677 0.22316830464309895 
219.5130975591206 0.22504084085935333 
