1.0 0.9942028985507246 
1.0 0.9942028985507246 
1.0 0.9942028985507246 
0.0 1.0 
0.0 1.0 
1.0 0.9885057471264368 
1.0 0.9885057471264368 
1.0 0.9885057471264368 
1.4142135623730951 0.9828080229226361 
1.4142135623730951 0.9828080229226361 
1.4142135623730951 0.9828080229226361 
2.8284271247461903 0.9659740345545241 
5.385164807134504 0.9494554090574072 
5.830951894845301 0.938691077303971 
5.830951894845301 0.938691077303971 
5.830951894845301 0.938691077303971 
5.830951894845301 0.938691077303971 
5.830951894845301 0.938691077303971 
5.830951894845301 0.938691077303971 
5.830951894845301 0.938691077303971 
7.211102550927978 0.9227811702368259 
7.211102550927978 0.9227811702368259 
7.211102550927978 0.9227811702368259 
7.211102550927978 0.9227811702368259 
7.211102550927978 0.9227811702368259 
7.211102550927978 0.9227811702368259 
8.602325267042627 0.9071913857197795 
8.602325267042627 0.9071913857197795 
8.602325267042627 0.9071913857197795 
8.602325267042627 0.9071913857197795 
8.602325267042627 0.9071913857197795 
8.602325267042627 0.9071913857197795 
8.602325267042627 0.9071913857197795 
11.313708498984761 0.8719174635128334 
11.313708498984761 0.8719174635128334 
12.041594578792296 0.867072424665485 
12.727922061357855 0.8573122776356032 
12.727922061357855 0.8573122776356032 
12.727922061357855 0.8573122776356032 
17.204650534085253 0.8245700095042463 
21.95449840010015 0.7932322897520113 
27.730849247724095 0.7590186950417498 
33.24154027718932 0.7342600282671096 
38.600518131237564 0.7177659113869245 
41.97618372363071 0.7167253216408008 
92.31467922275417 0.48303872483907223 
93.08598175880189 0.4801557709835115 
50.0 0.6701810911496915 
25.709920264364882 0.8412844400396432 
26.627053911388696 0.8105781824985967 
18.24828759089466 0.8793406219905965 
20.248456731316587 0.8485982201136707 
24.413111231467404 0.8202567760342369 
34.539832078341085 0.7660899653979238 
49.47726750741192 0.6971061093247588 
50.44799302251776 0.6927517639512508 
40.0 0.7771587743732591 
38.2099463490856 0.77178955078125 
37.21558813185679 0.7766693188077606 
36.22154055254967 0.7815760402602185 
43.01162633521314 0.7246572697431937 
51.92301994298868 0.6818412247794788 
62.36184731067546 0.6313123862909967 
61.61168720299745 0.6402650054385445 
60.41522986797286 0.6473625968277389 
41.0 0.7436536598917312 
50.99019513592785 0.6950498518313066 
62.16912416947821 0.642190416925949 
62.16912416947821 0.642190416925949 
62.16912416947821 0.642190416925949 
60.90155991434045 0.6196055457918376 
64.41273166075166 0.6046543766065062 
54.3323108288245 0.6906568046475736 
54.45181356024793 0.6874014546564264 
55.326304774492215 0.6862619808306709 
57.21887800367987 0.6807214092376279 
57.21887800367987 0.6807214092376279 
57.42821606144492 0.6743716564045624 
53.600373133029585 0.6765837634913187 
55.54277630799526 0.6681296106078999 
56.515484603779164 0.6639344262295082 
58.52349955359813 0.642190416925949 
57.9396237474839 0.6431083155861522 
61.68468205316454 0.6273115220483642 
63.90618123468183 0.6166065685605692 
65.19202405202648 0.6098825682476743 
66.85057965343307 0.6003969429876851 
69.46221994724903 0.5874009719953246 
72.01388754955533 0.5728547240094819 
59.941638282582836 0.6256370050960408 
58.180752831155424 0.6333202048050414 
55.90169943749474 0.6465566750093944 
53.71219600798314 0.6600806336316587 
53.71219600798314 0.6600806336316587 
50.92150822589606 0.6804660081768515 
50.92150822589606 0.6804660081768515 
42.2965719651132 0.748879801790811 
42.20189569201838 0.7354057689433567 
41.23105625617661 0.7400086913521047 
43.266615305567875 0.7074375790371438 
49.57822102496216 0.6742268041237114 
54.378304497290095 0.6586578293289147 
70.77428911688199 0.5991406319935547 
62.609903369994115 0.6285097192224622 
67.11929677819934 0.6120617247100146 
63.50590523722971 0.6251933237692011 
66.70832032063167 0.6154595286457609 
67.08203932499369 0.608522192054081 
62.76941930590086 0.6358743889209788 
67.11929677819934 0.6120617247100146 
74.67261881037788 0.5896502156205079 
68.54195795277518 0.6089233753637245 
71.78439941937245 0.6058527410521657 
74.04052944165107 0.6025062449109151 
69.57010852370435 0.6157967243226695 
75.58438992278762 0.5928120713305899 
74.33034373659252 0.5992727823649724 
72.42237223399962 0.6058416368753328 
73.76313442364011 0.605752808988764 
72.12489168102785 0.6091240420725876 
76.6550715869472 0.5958549222797928 
63.694583757176716 0.6324820571219694 
68.62215385719105 0.6191425722831505 
69.28924880528002 0.6124198934921924 
67.06713054842886 0.6224569640062598 
67.06713054842886 0.6224569640062598 
70.9365914038728 0.6025062449109151 
71.8679344353238 0.5992727823649724 
71.8679344353238 0.5992727823649724 
64.8459713474939 0.6396859466787167 
68.96375859826666 0.6225249772933696 
69.92138442565336 0.6191425722831505 
69.3757882838098 0.6258760107816712 
69.3757882838098 0.6258760107816712 
69.6419413859206 0.6225023055640947 
70.60453243241541 0.6191087065647833 
69.12307863514182 0.629263775273962 
69.92138442565336 0.6191425722831505 
69.92138442565336 0.6191425722831505 
62.625873247404705 0.6430501903185182 
67.05221845696084 0.6293323604523896 
68.6804193347711 0.6259101601881931 
68.96375859826666 0.6225249772933696 
68.96375859826666 0.6225249772933696 
68.96375859826666 0.6225249772933696 
72.80109889280519 0.6090794451450189 
65.80273550544841 0.636220161767607 
66.48308055437865 0.636220161767607 
66.48308055437865 0.636220161767607 
66.48308055437865 0.636220161767607 
69.6419413859206 0.6225023055640947 
70.60453243241541 0.6191087065647833 
70.60453243241541 0.6191087065647833 
70.60453243241541 0.6191087065647833 
74.46475676452586 0.6056750926489297 
75.43208866258443 0.6023514475754147 
75.43208866258443 0.6023514475754147 
75.43208866258443 0.6023514475754147 
78.33900688673555 0.5924625596576883 
79.30952023559341 0.5891933320559494 
65.45991139621256 0.6327230799516297 
68.62215385719105 0.6191425722831505 
63.245553203367585 0.6431199411331862 
69.57010852370435 0.6157967243226695 
70.51950084905593 0.6124646757809517 
70.51950084905593 0.6124646757809517 
70.51950084905593 0.6124646757809517 
74.33034373659252 0.5992727823649724 
69.28924880528002 0.6124198934921924 
66.09841147864296 0.6327575175943698 
66.09841147864296 0.6327575175943698 
69.92138442565336 0.6191425722831505 
70.8801805866774 0.6157742402315485 
70.8801805866774 0.6157742402315485 
70.8801805866774 0.6157742402315485 
65.25335240430181 0.6431896978702328 
66.21933252457322 0.6396859466787167 
67.06713054842886 0.6224569640062598 
66.40783086353596 0.6293094980846675 
69.26037828369117 0.6191538611707617 
71.16881339463234 0.6124534799755597 
71.16881339463234 0.6124534799755597 
71.16881339463234 0.6124534799755597 
75.0 0.5992177170559718 
72.80109889280519 0.6090794451450189 
73.76313442364011 0.605752808988764 
73.76313442364011 0.605752808988764 
73.76313442364011 0.605752808988764 
77.62087348130012 0.5925826869929571 
77.62087348130012 0.5925826869929571 
77.62087348130012 0.5925826869929571 
77.62087348130012 0.5925826869929571 
73.08214556237385 0.6058083252662149 
73.08214556237385 0.6058083252662149 
74.04052944165107 0.6025062449109151 
75.96051605933177 0.5959426584383634 
71.84010022264724 0.6124198934921924 
71.84010022264724 0.6124198934921924 
71.84010022264724 0.6124198934921924 
71.84010022264724 0.6124198934921924 
72.80109889280519 0.6090794451450189 
73.76313442364011 0.605752808988764 
73.76313442364011 0.605752808988764 
73.76313442364011 0.605752808988764 
76.40026177965623 0.5990415335463258 
70.21395872616783 0.6157967243226695 
70.21395872616783 0.6157967243226695 
70.21395872616783 0.6157967243226695 
72.42237223399962 0.6058416368753328 
73.37574531137656 0.6025504782146652 
73.37574531137656 0.6025504782146652 
73.37574531137656 0.6025504782146652 
76.24303246854758 0.5927574500188608 
76.24303246854758 0.5927574500188608 
77.88452991448301 0.589432619259462 
76.24303246854758 0.5927574500188608 
70.21395872616783 0.6157967243226695 
71.16881339463234 0.6124534799755597 
71.16881339463234 0.6124534799755597 
71.16881339463234 0.6124534799755597 
73.76313442364011 0.605752808988764 
75.0 0.5992177170559718 
75.69015788066504 0.5991406319935547 
76.6550715869472 0.5958549222797928 
76.6550715869472 0.5958549222797928 
77.88452991448301 0.589432619259462 
74.46475676452586 0.6056750926489297 
74.46475676452586 0.6056750926489297 
76.40026177965623 0.5990415335463258 
76.40026177965623 0.5990415335463258 
76.40026177965623 0.5990415335463258 
76.40026177965623 0.5990415335463258 
78.33900688673555 0.5924625596576883 
79.30952023559341 0.5891933320559494 
71.84010022264724 0.6124198934921924 
72.80109889280519 0.6090794451450189 
72.80109889280519 0.6090794451450189 
73.76313442364011 0.605752808988764 
74.72616676907762 0.6024398995335486 
74.72616676907762 0.6024398995335486 
74.72616676907762 0.6024398995335486 
75.69015788066504 0.5991406319935547 
76.6550715869472 0.5958549222797928 
76.6550715869472 0.5958549222797928 
76.6550715869472 0.5958549222797928 
76.6550715869472 0.5958549222797928 
78.587530817554 0.5893238434163701 
79.55501241279521 0.5860783095090119 
79.30952023559341 0.5891933320559494 
80.2807573457052 0.5859375 
81.25269226308751 0.5826949813265 
82.22530024268686 0.5794656945426846 
83.19855767980596 0.5762495588195369 
82.97590011563598 0.5792830961108202 
84.92938243034621 0.5728440714929124 
84.92938243034621 0.5728440714929124 
85.70297544426332 0.5726204019719378 
87.66413177577246 0.5662143570099004 
88.45903006477066 0.5659503307462526 
89.62700485902673 0.5598602901665771 
92.39588735436226 0.5532562385879489 
94.2019108086455 0.5497837808979766 
96.17692030835673 0.5435210294039453 
81.49846624323675 0.6071196246418735 
85.21150157109074 0.602650012076878 
77.31752712031083 0.6275510204081632 
80.15609770940699 0.6233642769265183 
76.23647421018367 0.6344237374021733 
76.32168761236873 0.631117604090577 
77.23341245859851 0.6308312441626113 
80.15609770940699 0.6233642769265183 
82.09750300709517 0.6194474275114712 
83.09632964216891 0.61589791047684 
83.38465086573187 0.6033581651604173 
83.60023923410746 0.597160993927223 
85.58621384311844 0.590401380623335 
74.81310045707235 0.625 
77.64663547121665 0.6177890476422685 
77.64663547121665 0.6177890476422685 
77.64663547121665 0.6177890476422685 
77.64663547121665 0.6177890476422685 
78.63841300535 0.614314115308151 
65.96969000988257 0.6431664449664619 
66.21933252457322 0.6396859466787167 
65.25335240430181 0.6431896978702328 
65.25335240430181 0.6431896978702328 
65.25335240430181 0.6431896978702328 
65.52098900352466 0.6396975238471804 
65.80273550544841 0.636220161767607 
67.05221845696084 0.6293323604523896 
65.45991139621256 0.6327230799516297 
65.7875368135941 0.629263775273962 
65.7875368135941 0.629263775273962 
65.7875368135941 0.629263775273962 
65.7875368135941 0.629263775273962 
65.7875368135941 0.629263775273962 
64.51356446515724 0.6361509955050797 
57.245087125446844 0.6679498965754999 
56.64803615307419 0.667818130893474 
56.64803615307419 0.667818130893474
