39.542648518914405 0.7130016540359498 
39.542648518914405 0.7130016540359498 
39.50027980971398 0.7145973406685967 
39.57191413144547 0.7143182980262789 
39.542648518914405 0.7130016540359498 
39.557029943861984 0.7132530557736606 
39.58365362341194 0.7139825913334567 
39.66624589489638 0.7144730574034568 
39.724574998877515 0.715490323409186 
39.85876047457727 0.7164894779329609 
39.828705711015026 0.7175774181463954 
38.70492171722007 0.7526688342355369 
41.42171120863224 0.7765804007335727 
41.816553421501084 0.7310949306532784 
41.816553421501084 0.7310949306532784 
41.91827743367065 0.7291049684076131 
41.98739562786061 0.7275885604422963 
42.2427969242095 0.7099244611620058 
42.265281659012786 0.7111501175270135 
42.25600298504935 0.7115413784137221 
42.32026421916686 0.7123815552510019 
71.5937486431915 0.6002522872581665 
71.58366784866092 0.6018630701896985 
71.6422529014221 0.6027509383751972 
71.6592845696881 0.6037773705274191 
71.7544713831655 0.6044320707779215 
71.81263335072323 0.6049038967137937 
71.96641069699227 0.6058334352539531 
71.9516784086929 0.6069670292195615 
71.95425650665844 0.6078466302138396 
72.01676356939537 0.6089731464687758 
72.04797653969037 0.6099699854272925 
71.94264007060652 0.6117528721600305 
72.3380876348125 0.6125366370055011 
72.19984598091617 0.6142847609385895 
72.55117117336195 0.6158943300552586 
72.89493660511037 0.6158150378447372 
73.4001590086992 0.6160216313514474 
73.60441624783421 0.6172243285417283 
73.95787006047743 0.6163493111416509 
76.44725633559894 0.6076418550495357 
77.41446093183643 0.6068112998082352 
80.6824013464329 0.5991401920041133 
81.8587663460012 0.5957929672717683 
86.1338280991372 0.5751105179366266 
87.66439635337909 0.5739262348554952 
87.7024489323811 0.5736540200095437 
59.02486215611466 0.48611319663459757 
842.8411772095618 -1.0269057654189357 
847.1878481187039 -1.0354653411181014 
871.6543179494954 -1.0365385549778923 
879.8120537933088 -1.0350553333519799 
879.1457672081463 -1.0591533932791675 
878.0971544659004 -1.07795882576637 
876.0746791490207 -1.1273586168390644 
875.1014291037505 -1.1666062401273019 
863.7341603575175 -1.1234822320346505 
868.0897507446839 -1.1172877286430478 
868.2021132250657 -1.118943231715384 
868.2843294198902 -1.1213253672173855 
851.9358574445502 -1.1547408038734308 
850.4330377085124 -1.250399587353515 
847.2625885386956 -1.7468558068913085 
847.3263834302934 -1.8775105971992565 
845.9410144921453 -1.4307316328089197 
851.0753148737035 -1.1299506001450943 
849.6952845534533 -1.2058747878359524 
845.843980885364 -1.6163934426229507 
849.1414782001877 -1.220153404766087 
849.0661046114136 -1.2710300583867944 
832.7871516780262 -1.4007626807517843 
829.2389583226297 -1.191008382016764 
854.3016153560756 -1.1589112886184016 
854.7925128357174 -1.3608599215150994 
853.259778730956 -1.1707848837209303 
854.1909571493901 -1.194753587591526 
854.3814792504062 -1.2162631669519601 
851.5403780405222 -1.2244109814760595 
845.7996897729496 -1.1536661095639014 
845.8702117631173 -1.1729980131449063 
845.6918114774436 -1.507296890108159 
838.6497434659105 -1.691893934764847 
837.8335876733993 -1.7923273291275796 
837.7387910018819 -2.3561538769030532 
837.5815253799908 -5.956370021515996 
837.1447428074935 1.9189426404625822 
835.9853605452944 0.08569777687653607 
833.6378734850553 -0.35548047958680756 
830.8092147063729 -0.5342884895688381 
834.8862669039682 -1.7112344311769938 
834.193173072041 -1.2058920162085205 
121.51213931126384 -0.43160918092262734 
122.83224332397417 -0.39493093737427953 
122.47880614516492 -0.4196613352241664 
122.4587309174769 -0.4287131599865501 
585.133531768604 -1.0614328894698146 
589.776043414579 -1.1075179292229387 
592.7221851321976 -1.1211777953527162 
827.0811628854813 -1.2808275449996265 
837.0742201262682 -1.276287750753178 
840.3359649704801 -1.4915030861638703 
838.019933787645 -1.4066276425900996 
848.3082624705887 -1.449005418608783 
832.9770465024833 -1.993540810334703 
838.5226055390517 -2.621310847067824 
835.3394099584366 -2.0350826258108383 
837.6734666204949 -1.9047048046386459 
837.5492794266912 -5.5465228141903085 
837.4774101775353 -1.4896259576811774 
855.347618045208 -1.8214953181924143 
877.4068735655561 -1.5286456565410664 
884.4400822640779 -1.4493302303783266 
902.5876739622202 -1.280933569976841 
832.5263719546667 -2.654605906512792 
825.0820565252889 -6.213773977351598 
831.4320417207891 4.0289790459207255 
829.715528419179 -66.43521198021097 
827.2087040161026 1.3209876543209882 
828.370542415979 -6.957896361846313 
821.0982401637456 -4.349997525119958 
121.82938890103648 -0.5396795168267268 
821.7163744261154 -0.2532274081429972 
815.4082658398797 1.0177086128253419 
813.8840519386039 -1.9628681177976952 
811.7246529052545 -2.1054853672062284 
812.7003081769222 -3.0535920469638502 
815.7966964875501 4.481049562682216 
816.794014172903 0.7778506506617817 
818.0006977406118 0.08679383565072614 
814.9473909400533 -1.5382963493199713 
816.1562189990555 -1.5024426248630605 
817.2429441770659 -1.540182244307776 
818.3632701062488 -1.4126285029333179 
818.9787848290089 -1.4380242311276794 
815.9805451112177 -1.4404873477038425 
817.0200599353009 -1.4576477244654964 
817.0509470039185 -1.3233018056749786 
817.251174589481 -1.551448774765602 
818.4976990337553 -1.5601499313605212 
811.916405795572 -1.69449575175471 
814.9722113831104 -1.5355528769800237 
814.6214335505788 1.6029768085842642 
817.9457500348052 -1.5350789810730041 
817.9457500348052 -1.5350789810730041 
819.0355011657505 -1.5386291887135441 
820.1542528594637 -1.527202005712756 
813.5107644681107 -1.4452132803991549 
813.9817258391001 -1.4421448730009407 
815.1045160611626 -1.4328913571002448 
816.5396282932719 -1.4413587348465646 
817.979370155507 -1.438842203548086 
819.0864317811413 -1.4570605827270282 
820.3710396587867 -1.457045547400114 
821.4620188456263 -1.4667800494845198 
822.6135003767968 -1.4643556780122802 
823.911565438444 -1.4540022564204227 
825.974727216275 -1.4323827046918123 
825.974727216275 -1.4323827046918123 
827.2006927883399 -1.4456235871547032 
828.2064050022657 -1.4449405669793756 
813.5476668152097 -1.6939652132846366 
817.7648350297641 -1.9338115122834578 
813.6070487553675 -1.4735821147502546 
818.8817069638325 -1.9506953223767383 
819.8657489004607 -2.0021128927793033 
821.1023750629925 -2.0441040311506873 
822.8798514971672 -1.9411764705882353 
824.0292329414226 -2.055984379818133 
818.0603600236434 -7.656947901566313 
817.0982171689996 -1.584969779934191 
817.9457500348052 -1.5350789810730041 
819.232961823815 -1.5379254348453273 
820.3918712436133 -1.531560050343233 
821.44885139755 -1.528813348580686 
822.6060743027106 -1.5396984326523706 
814.7959743475992 -1.3283463670657887 
816.088447295465 -1.3215228842909774 
816.144623788912 -2.5084539447826057 
815.7893110356374 0.507014028056105 
815.9143643790076 -1.6883925302087148 
819.9123428757491 -1.6823956442831216 
821.1508541667384 -1.6900473444253383 
822.3404134681575 -1.6397421126561045 
823.3542069534917 -1.6297009600364043 
821.4329236677569 -1.5399251945049437 
822.6075450498854 -1.4945265799400265 
824.9419676559073 -1.527719298245614 
826.1590723488304 -1.5140656864120923 
827.2382057483238 -1.5259997923737565 
828.1840221212891 -1.5188678133675058 
827.2150143705081 1.6742532005689679 
828.9398349699452 -1.5236039548809357 
819.9123428757491 -1.6823956442831216 
821.356795447101 -1.673788556433693 
822.4094360810573 -1.6702988910693188 
823.910340995912 -1.6765023389708529 
820.111961208779 -1.5709505820280616 
821.1103999419498 -1.5729960941073937 
822.1227292223251 -1.5704681032111187 
819.9446627669455 -1.5329553508150249 
821.3316881437777 -1.4975809452501396 
821.6890328689344 -1.5354685422968892 
823.9425040620249 -1.5287582618478415 
824.7398011278964 -1.5288838386817785 
824.6163229041734 1.6592275352638182 
819.8812414002408 -1.948297604035309 
819.8812414002408 -1.948297604035309 
820.8714910514624 -1.972168656856182 
821.851314500925 -2.01761013788769 
821.3565851687074 0.05986814288174782 
823.879390444985 -1.9388264669163546 
824.8046851305271 -1.9322238434870482 
825.6584629302112 -1.953196204952024 
823.879390444985 -1.9388264669163546 
825.3829851722 -1.5786728308553362 
827.8775573718616 -1.9295426452410382 
820.4739811321422 -2.8943007949215165 
821.1758795987666 -3.0292975904533237 
822.0195486678209 -3.0382514668914062 
819.9123428757491 -1.6823956442831216 
820.6552914146093 -1.6707938874018529 
823.910340995912 -1.6765023389708529 
823.910340995912 -1.6765023389708529 
824.6500055315234 -1.6577410789478597 
825.6321987409553 -1.6505133323723271 
827.9083584552097 -1.6707099536211203 
824.9753026606312 -1.433179723502304 
825.7322703492516 -1.435557052863158 
826.4566549389334 -1.4245989557800147 
827.1067208180991 -1.4239794528427978 
827.8614754245318 -1.421009323872423 
828.6805411657085 -1.4258512546580342 
828.9730092107945 -1.4300091491308327 
829.7257620156049 -1.4305568846404046 
822.4457356910641 -1.531555636149307 
822.9206321292638 -1.5282342585956878 
823.664021028742 -1.5286153704851846 
824.3745505097918 -1.5380350098976772 
824.9419676559073 -1.527719298245614 
824.9419676559073 -1.527719298245614 
825.783024945244 -1.5245033019573504 
826.4154161195204 1.6696118649415992 
826.4154161195204 1.6696118649415992 
826.4154161195204 1.6696118649415992 
828.9398349699452 -1.5236039548809357 
828.9398349699452 -1.5236039548809357 
828.9398349699452 -1.5236039548809357 
828.9398349699452 -1.5236039548809357 
828.9398349699452 -1.5236039548809357 
829.5145213801487 -1.5214575026880415 
829.820592274287 -1.5343268303816053 
830.3131227541062 -1.5370663629196077 
832.9377227620322 -1.5195523006770761 
833.4386992970212 -1.5241472112533596 
832.9377227620322 -1.5195523006770761 
832.9377227620322 -1.5195523006770761 
836.9356307387086 -1.515562868504045 
836.9356307387086 -1.515562868504045 
836.9356307387086 -1.515562868504045 
836.0106458652306 1.7263938124395506 
836.0106458652306 1.7263938124395506 
836.0106458652306 1.7263938124395506 
836.3282085547467 1.6821693623341563 
822.123013909719 -1.253574318856218 
822.6260376913879 -1.2682906370370397 
812.0918975091428 -1.2879240370625622 
812.0918975091428 -1.2879240370625622 
807.0577736444894 -1.3289588801399825 
807.7283786813703 -1.3136000964731587 
807.0577736444894 -1.3289588801399825 
807.3076314173696 -1.3253797954039623 
807.5142636533137 -1.333621842514256 
807.7617033699366 -1.325064857190435 
808.065907803589 -1.3125229032473171 
808.1911528473935 -1.3100837688423483 
808.4245510671685 -1.3015451213193858 
795.6088581487079 -1.4063475238750576 
795.7291505532431 -1.3915849534778841 
795.8935509904145 -1.3872718770013845 
796.2490704640334 -1.3650807352229366 
798.0640638445011 -1.3342222222222222 
798.353585535855 -1.3352106216722548 
784.2417840172426 -2.5753952868700116 
784.356890292566 -2.3835905657864283 
784.516220122677 -2.248567025482782 
784.5996816312423 -2.072191077477518 
784.6552885785162 -1.9807384232843857 
783.9312788758974 -1.7404489956675857 
783.8929318455673 -1.6813108077640584 
784.0074919272264 -1.6458214271702127 
782.0068309182816 -1.8127452405981392 
782.046564114897 -1.8048166814731703 
782.042724163568 -1.786075495432065 
781.8127141457857 0.599810897057109 
781.8127141457857 0.599810897057109 
781.8127141457857 0.599810897057109 
781.9662716511499 -1.5764218917675916 
775.031328408611 -1.3970211923897236 
775.013706226283 -1.377995607018685 
775.0425677684599 -1.365270315619899 
