2.02049508982475 0.9366465968863598 
4.93948867522606 0.8624629080695644 
3.287876129962549 0.9062472753965632 
2.520628056312956 0.9274479528807537 
4.682509953202777 0.8673846682912194 
4.308860903152292 0.8768588613506755 
3.197007128924799 0.9022079730803186 
3.2555553119510874 0.9032513975918155 
4.619924948133474 0.8570190311974859 
5.614474377690335 0.8329810549597751 
2.8468846239797587 0.9175786814234339 
6.560749964671149 0.8042667778465874 
3.0792555295749615 0.9017365503435149 
3.2200562290030765 0.8994662608559527 
3.936435171260183 0.8817858166396835 
2.8458781186340887 0.9199930038832916 
2.4561170783493833 0.9215465092134483 
1.1498102714393021 0.9640375410755264 
1.044104482152631 0.9680393887415822 
1.5658003314331628 0.9540380429303272 
2.492123889646157 0.9215203053319572 
3.81882422757452 0.8868055087937914 
3.7877889564663674 0.9068017727289049 
4.615199267606155 0.8551127597687752 
6.022372421430637 0.8159375884776279 
6.860963317943954 0.7953886547466986 
6.940577772910556 0.7936809824140324 
6.168228742445164 0.8087073734796236 
4.917960456308792 0.847323977446252 
4.327359475049879 0.8860586066568268 
5.728404691462942 0.8189896937426585 
2.8736176311047155 0.9009553519167367 
4.474344157530074 0.8545245325212976 
3.852948410287743 0.8717131548275419 
2.486181816061211 0.9146423574896199 
1.9866507540374507 0.930522344095582 
4.5321611415828205 0.8608738467040689 
5.505437605301715 0.8195223820537156 
6.942070974681364 0.7775639351654681 
5.718029180776641 0.8251798359106067 
7.145490268317227 0.7647992673407508 
2.494516793408038 0.9148369321362615 
4.818702862708937 0.8549700647961653 
4.708660512004085 0.849868591133219 
3.174858194167145 0.9075371111983872 
2.9136038359471756 0.9235067508840002 
3.647456848898349 0.9046109177040615 
5.219748448749982 0.874939874286794 
2.287190191985903 0.9220307454504848 
2.469238378854519 0.9107938163467149 
3.7065534161237155 0.8699414235078331 
3.6992887978860245 0.8757504247028775 
4.872685204250867 0.8568197821489912 
6.151034605741415 0.8065585490393204 
7.8455296397839245 0.7786258486988856 
6.311281164524971 0.8299012204519264 
5.751192452044239 0.8194381560102383 
4.976945649003162 0.8569496067372039 
5.4917885622921165 0.8350329748332579 
7.702687146620448 0.76879382970367 
3.0832510304044662 0.8993814751194914 
5.219561946702648 0.8457893667495157 
4.2204953778084215 0.879837960169334 
6.633715475034713 0.7970656609753766 
7.322110601309593 0.7903917650489127 
6.964986915021114 0.7868662132509189 
6.3336787938731485 0.8118057726162294 
7.965614300470544 0.7591972284102116 
7.56909244480032 0.7810244529418977 
6.393464768937735 0.8174588545343527 
5.6078438691474375 0.8197160379291054 
5.2222474309637485 0.8300570842679468 
4.899563286265288 0.8559905422278553 
5.118141564261706 0.8225679244476632 
6.101474923625402 0.8092432339217595 
8.301127239898426 0.7316769039040256 
8.098477523007865 0.7361222457413589 
6.2431704288518 0.7881998507675966 
10.637613701209649 0.6610239419449586 
12.150298376559855 0.6720042600175865 
14.168327642333388 0.6304303070959127 
18.13881377379871 0.5139109246565502 
15.932908668589745 0.5646320406772278 
17.848564222948667 0.5390844852726837 
17.702070337286468 0.5211864797763874 
16.199305799903257 0.5435922409096329 
18.495719648549738 0.47862965910782806 
21.69209559622374 0.4130189671978989 
26.803416849046332 0.33453572787103486 
29.05138230550877 0.3072514523968958 
31.685331594777416 0.2794771404827834 
31.41375231477548 0.284262032888876 
31.881981596456793 0.28058329504301677 
33.06757637786445 0.26430078881059066 
35.44125731938629 0.2438085636293319 
36.663171521974135 0.23469517141638627 
36.75728948799273 0.2302937146233457 
43.12385369043616 0.16890653311048504 
48.82673671019012 0.130078730046758 
52.013350720947486 0.1142108662794322 
64.99061671537312 0.049786800826709596 
59.67178105427476 0.07442817574496376 
60.09475177343098 0.07298142354740898 
67.11237405633835 0.03631071595710626 
71.70743525195222 0.014469505220074437 
76.86612837313234 0.0 
85.8159839899299 0.0 
86.87512901491846 0.0 
75.33417852484075 0.0 
90.77786829741753 0.0 
77.95495061183318 0.0 
75.68276376926661 0.0 
89.74932965533475 0.0 
66.19319550643095 0.04059762205167451 
70.77524154115284 0.025072562749878482 
62.4725651228445 0.060437306787159153 
54.88538517931521 0.09581874201016115 
51.73473607783099 0.10987031955065289 
47.61333336808961 0.128816861441394 
45.16573327578429 0.14412889275993526 
39.28822279201581 0.1880590061267873 
48.84294046668837 0.09716696491341857 
43.996858038147536 0.13138364727839985 
39.63851736687861 0.1679817954928984 
37.986705379774975 0.18456407354283255 
35.788634049139795 0.2119361790546451 
34.95168434501821 0.22725357050482206 
36.134030003153825 0.20688792402739217 
34.34212973790106 0.2272279779734057 
31.157326761302855 0.266083359490815 
28.655594300814524 0.3035503839603848 
28.898040433801658 0.3017224819855381 
30.437087802298663 0.2749925996995766 
32.70652610265113 0.24465368954808064 
34.16094028795722 0.22612369815666594 
41.08056821542411 0.1569989282466176 
38.42153771688747 0.1801758403775545 
38.91601691672088 0.1753104669136407 
42.801109190682034 0.14290662615582478 
39.33732655537643 0.17175446060292016 
38.09294975390002 0.1842480883047621 
32.69920467917188 0.24350557439528966 
29.100345384489824 0.29199301464445526 
32.743211149741754 0.24253341348313345 
27.71384883802687 0.3064658265100346 
29.14052072538747 0.3067216090358859 
27.796649925216727 0.3072571983010263 
27.92824095708127 0.30413080224222827 
30.089674514195643 0.2770679735612221 
31.7397905726399 0.25494615993317293 
31.041506582983445 0.2674994638463318 
30.014636151265847 0.2861489916550948 
33.09542914215968 0.24158503617262586 
31.026867885413807 0.27005182123720795 
30.360810402276474 0.28799034803420653 
28.705573555072384 0.3068336034023692 
31.832244225702823 0.26402996075229673 
32.125660374065724 0.25736790346586974 
30.420620053257093 0.2789112218904008 
30.359020144101706 0.28187857419294804 
30.59010684217322 0.2834087305196451 
29.60584086540132 0.2945629648324652 
25.242777197808618 0.3447034830695411 
25.21987507109213 0.3348780619526847 
24.891993403948284 0.34746257611579023 
22.48596530696552 0.3861574335608488 
26.466962045290288 0.33950352417822866 
27.468936922836797 0.31013164194951315 
27.12644778723636 0.3183327017650245 
22.156339188552106 0.3933481496251374 
27.001566418631267 0.32204646821831157 
26.061068081090433 0.3483169628340065 
28.00563206052303 0.31804659013285475 
29.05306361428051 0.2960139842540179 
27.793059160210166 0.3299013880818141 
