1.5811388300841898 0.9570971124146335 
2.9154759474226504 0.9173260042752839 
1.5811388300841898 0.9570971124146335 
1.5811388300841898 0.9570971124146335 
2.9154759474226504 0.9173260042752839 
1.5811388300841898 0.9570971124146335 
3.5355339059327378 0.9151992457225258 
1.5811388300841898 0.9570971124146335 
2.5495097567963922 0.9359215136650315 
4.743416490252569 0.8775044175615061 
3.8078865529319543 0.8972062742081697 
2.5495097567963922 0.9359215136650315 
2.9154759474226504 0.9173260042752839 
1.5811388300841898 0.9570971124146335 
2.5495097567963922 0.9359215136650315 
2.9154759474226504 0.9173260042752839 
2.9154759474226504 0.9173260042752839 
1.5811388300841898 0.9570971124146335 
3.8078865529319543 0.9005476210132365 
1.5811388300841898 0.9588734152083275 
2.5495097567963922 0.9359215136650315 
1.5811388300841898 0.9570971124146335 
1.5811388300841898 0.9588734152083275 
4.743416490252569 0.8775044175615061 
5.522680508593631 0.8750576928297994 
6.670832032063167 0.8393033103411542 
5.522680508593631 0.8750576928297994 
6.670832032063167 0.8393033103411542 
3.5355339059327378 0.9151992457225258 
1.5811388300841898 0.9588734152083275 
4.527692569068709 0.8949159052871293 
2.5495097567963922 0.9359215136650315 
4.743416490252569 0.8775044175615061 
3.8078865529319543 0.8972062742081697 
3.5355339059327378 0.9151992457225258 
0.7071067811865476 0.9787410824284446 
3.5355339059327378 0.8990843346990404 
3.5355339059327378 0.8990843346990404 
6.363961030678928 0.8271382840815895 
5.70087712549569 0.8452002457987122 
6.041522986797286 0.8416575557985121 
2.9154759474226504 0.9190308149712412 
2.1213203435596424 0.9378770448104604 
4.301162633521313 0.8811865006945768 
1.5811388300841898 0.9588734152083275 
1.5811388300841898 0.9588734152083275 
1.5811388300841898 0.9570971124146335 
2.9154759474226504 0.9190308149712412 
0.7071067811865476 0.9787410824284446 
1.5811388300841898 0.9570971124146335 
1.5811388300841898 0.9570971124146335 
2.9154759474226504 0.9173260042752839 
5.1478150704935 0.8604099884168844 
5.522680508593631 0.8750576928297994 
9.300537618869138 0.7602650694532943 
7.905694150420948 0.7920548016295181 
4.949747468305833 0.8622158707903039 
5.1478150704935 0.8604099884168844 
5.70087712549569 0.843624035663757 
8.514693182963201 0.8179042404780079 
1.5811388300841898 0.9588734152083275 
4.527692569068709 0.8949159052871293 
4.301162633521313 0.8795482378554905 
4.743416490252569 0.8775044175615061 
5.70087712549569 0.8582075497080743 
6.519202405202649 0.8556113812837529 
4.527692569068709 0.8949159052871293 
7.905694150420948 0.8052643960582377 
5.70087712549569 0.8582075497080743 
6.519202405202649 0.8556113812837529 
4.527692569068709 0.8949159052871293 
3.5355339059327378 0.9151992457225258 
2.1213203435596424 0.9378770448104604 
3.5355339059327378 0.9151992457225258 
7.106335201775948 0.8109447518158219 
7.516648189186454 0.8365642866640074 
5.522680508593631 0.8750576928297994 
4.527692569068709 0.8949159052871293 
7.648529270389178 0.8207798370725792 
11.597413504743201 0.7502724346790339 
13.946325680981353 0.6916256398951675 
17.7341478509682 0.6129288400009342 
14.983324063771697 0.6549013969760142 
17.10263137648707 0.635076587987405 
16.32482771731451 0.629136885806619 
16.32482771731451 0.629136885806619 
19.091883092036785 0.5751134627226492 
22.726636354727024 0.5189249818557699 
26.16295090390226 0.47173269120122746 
29.129023327259016 0.4371865570700239 
33.1436268383531 0.3962195491761852 
33.1436268383531 0.3962195491761852 
33.80088756231114 0.39554244377538444 
34.532593299664015 0.3807001059554987 
34.30014577228499 0.38797001547458754 
34.30014577228499 0.38797001547458754 
35.16390194503448 0.38003796583075233 
39.274673773310965 0.3367657021194232 
44.972213643537714 0.2899755318552831 
44.94997219131509 0.2943756208182619 
34.56153931757091 0.42057305057901556 
19.300259065618782 0.6119500525148792 
20.554804791094465 0.6099960370189057 
30.20761493398643 0.43057770781117305 
50.204581464244875 0.2354256479974241 
69.76030389842063 0.12770439070587658 
91.98097629401418 0.04441453566621804 
122.40302283849039 0.0 
164.44603978205132 0.0 
190.76818393013025 0.0 
224.37134398135606 0.0 
253.85527372894973 0.0 
262.90017116768865 0.0 
310.616322816429 0.0 
327.530914571434 0.0 
354.34799279804025 0.0 
373.5324617754125 0.0 
385.63259716989694 0.0 
394.7790521291625 0.0 
399.94062059260744 0.0 
408.91380509833607 0.0 
411.12346077547073 0.0 
413.11318061761233 0.0 
414.4230929859001 0.0 
407.84862387900733 0.0 
405.4213857210791 0.0 
402.3015038500353 0.0 
394.93353871252816 0.0 
391.76587396045613 0.0 
385.7077909506107 0.0 
382.1838562786241 0.0 
375.14064029374373 0.0 
365.9678947667404 0.0 
361.3232624672815 0.0 
355.14574473024453 0.0 
347.301742005421 0.0 
350.3120037909064 0.0 
351.1758818597883 0.0 
347.57804878904534 0.0 
351.6596365806005 0.0 
356.14954724104314 0.0 
362.7898840927073 0.0 
360.62792459819303 0.0 
361.29004968307663 0.0 
371.556859713288 0.0 
384.2739907930278 0.0 
382.02683151841575 0.0 
391.2371403637441 0.0 
395.52559967718906 0.0 
401.13152456519794 0.0 
410.2249382960524 0.0 
414.41344090171594 0.0 
417.93839258914704 0.0 
424.9711754931151 0.0 
431.36353577927747 0.0 
432.1556432583057 0.0 
432.8793134350497 0.0 
430.8160860506488 0.0 
433.0548464109367 0.0 
435.1488251161894 0.0 
437.9754559333205 0.0 
439.3887800115064 0.0 
439.4980090967421 0.0 
432.3754155823386 0.0 
432.3754155823386 0.0 
433.7885429561274 0.0 
434.4680655698414 0.0 
429.3279632169328 0.0 
429.3279632169328 0.0 
429.3279632169328 0.0 
424.2787998474588 0.0 
424.2693719796422 0.0 
423.55932288169504 0.0 
421.45047158592666 0.0 
417.93839258914704 0.0 
