2.5 0.9386503067484663 
3.3541019662496847 0.9086871558003198 
2.0615528128088303 0.9496733607548996 
1.118033988749895 0.9683664122137404 
3.3541019662496847 0.9086871558003198 
2.5 0.9263686349509921 
2.5 0.9263686349509921 
1.8027756377319946 0.9443807685347168 
2.5 0.9263686349509921 
3.905124837953327 0.8865671641791045 
1.8027756377319946 0.9443807685347168 
3.2015621187164243 0.9036144578313253 
1.118033988749895 0.9683664122137404 
1.118033988749895 0.9683664122137404 
1.8027756377319946 0.9443807685347168 
1.5 0.9627329192546584 
0.5 0.9874213836477987 
0.5 0.9874213836477987 
1.118033988749895 0.9683664122137404 
0.5 0.9874213836477987 
1.118033988749895 0.9683664122137404 
2.0615528128088303 0.9496733607548996 
3.0413812651491097 0.9313320150997663 
4.924428900898052 0.8596815139626125 
6.800735254367722 0.8177306564403338 
7.566372975210778 0.8119062341896678 
7.566372975210778 0.8119062341896678 
6.576473218982953 0.8327173480411668 
4.5 0.8922155688622755 
0.5 0.9874213836477987 
3.640054944640259 0.8981214298333432 
1.8027756377319946 0.9443807685347168 
2.692582403567252 0.9209726443768997 
2.0615528128088303 0.9496733607548996 
1.8027756377319946 0.9443807685347168 
1.118033988749895 0.9683664122137404 
2.692582403567252 0.9209726443768997 
1.8027756377319946 0.9443807685347168 
3.640054944640259 0.8981214298333432 
4.716990566028302 0.8698224852071006 
6.264982043070834 0.8231800441201426 
3.2015621187164243 0.9036144578313253 
3.3541019662496847 0.9086871558003198 
2.5 0.9263686349509921 
3.0413812651491097 0.9313320150997663 
2.0615528128088303 0.9496733607548996 
3.0413812651491097 0.9313320150997663 
5.024937810560445 0.8956654707992707 
2.5 0.9263686349509921 
3.2015621187164243 0.9036144578313253 
3.640054944640259 0.8981214298333432 
4.031128874149275 0.8813915479803875 
5.5 0.8698224852071006 
7.632168761236874 0.7884807457551881 
6.576473218982953 0.8327173480411668 
5.408326913195984 0.843830444482581 
4.924428900898052 0.8596815139626125 
4.6097722286464435 0.8758074841413025 
4.5 0.8922155688622755 
8.902246907382429 0.7644933486615207 
6.020797289396148 0.8783216783216783 
5.315072906367325 0.8488011930710107 
4.6097722286464435 0.8758074841413025 
6.726812023536855 0.812925361381405 
7.632168761236874 0.7884807457551881 
9.17877987534291 0.7684626357950181 
8.32165848854662 0.7830392211096974 
10.547511554864494 0.7365443672215937 
9.7082439194738 0.7504072987943956 
8.32165848854662 0.7830392211096974 
7.5 0.7978580990629184 
8.381527307120106 0.8057142857142857 
9.013878188659973 0.8281436106857241 
6.103277807866851 0.832925789024737 
5.5901699437494745 0.8540120793787748 
8.200609733428363 0.7742059778719657 
8.845903006477066 0.7601572739187418 
6.800735254367722 0.8081454055873444 
6.5 0.8372093023255814 
26.51886121235224 0.45261165442336293 
15.532224567009067 0.6610152022674568 
19.448650338776723 0.5634458672875436 
18.848076824970764 0.5686961600233611 
20.402205763103165 0.5490196078431373 
20.155644370746373 0.5453063572729888 
19.241881404893856 0.5593613933236575 
21.80022935659164 0.5143058491895701 
26.800186566514792 0.4426640408199803 
29.449108645254444 0.4104056360215289 
33.58943286213687 0.3672690251972512 
36.704904304465906 0.3439519659758996 
33.737960815674676 0.3720415460582326 
36.704904304465906 0.3439519659758996 
38.108398024582456 0.3297029702970297 
38.900514135419854 0.32364173955895037 
42.72294465506796 0.2929519836335192 
43.30415684434925 0.2860391812632167 
46.90682253148256 0.25709828393135725 
59.09526207742885 0.18100542283453028 
58.42302628245134 0.1902071563088512 
67.7661419884591 0.14127894625026557 
66.91225597751132 0.150772965832411 
65.0173053886425 0.16786840102902278 
72.8920434615466 0.12821589835135985 
72.94004387166216 0.13142375737152484 
74.59390055493813 0.12455516014234876 
74.62740783385149 0.12900626992188868 
66.42476947645359 0.19007532122286222 
46.02445002387318 0.3685461956521739 
19.5 0.5940652818991098 
41.68033109273485 0.371049385341784 
82.1112050818888 0.09002367264119039 
88.88335052190595 0.06131050378663155 
154.5905883293029 0.0 
168.02157599546553 0.0 
220.3888608800363 0.0 
259.23203891494586 0.0 
287.9379273385151 0.0 
313.28301900996803 0.0 
321.66170117065536 0.0 
320.4297895015381 0.0 
305.42797841717123 0.0 
300.7843912173635 0.0 
293.2511722056708 0.0 
282.19186735269324 0.0 
273.7192905149361 0.0 
268.4497159618538 0.0 
240.7908843789565 0.0 
250.85105142295097 0.0 
242.89143665432093 0.0 
238.70745694259324 0.0 
239.83171183144233 0.0 
229.34308361055932 0.0 
218.9457695412268 0.0 
221.23799402453457 0.0 
212.06190134015114 0.0 
205.82334658633846 0.0 
203.49754298271023 0.0 
202.67276580734767 0.0 
231.4546391844415 0.0 
218.4702496908904 0.0 
226.5242812592063 0.0 
217.40572669550357 0.0 
206.40070251818426 0.0 
210.92237908766344 0.0 
217.7458380773327 0.0 
238.98587824388287 0.0 
261.84967061273915 0.0 
268.710345911727 0.0 
259.7811579002603 0.0 
266.95177467100683 0.0 
266.9611394941219 0.0 
258.96573132366376 0.0 
253.56705227611886 0.0 
241.80829183466807 0.0 
240.3461046075014 0.0 
233.50214131780461 0.0 
225.8456331213867 0.0 
223.6766639593858 0.0 
217.03974290438146 0.0 
213.70131024399453 0.0 
214.23176701880607 0.0 
207.99338931802617 0.0 
197.80103639768927 0.0 
191.00065444914057 0.0 
192.57790631326327 0.0 
190.8959140474201 0.0 
182.63419723589556 0.0 
181.52203722964327 0.0 
179.20170200084596 0.0 
170.9773376795884 0.0 
171.1906831576999 0.0 
167.696899196139 0.0 
167.36561773554328 0.0 
162.6968039022279 0.0 
