1.4142135623730951 0.9588638589618022 
4.47213595499958 0.8844221105527639 
3.1622776601683795 0.9216397992953987 
2.23606797749979 0.9400732916576848 
4.47213595499958 0.8844221105527639 
3.605551275463989 0.9019442096365173 
2.8284271247461903 0.9197952218430034 
2.23606797749979 0.937984496124031 
2.8284271247461903 0.9197952218430034 
4.242640687119285 0.8826482585503609 
2.23606797749979 0.937984496124031 
3.605551275463989 0.8999366687777074 
1.4142135623730951 0.9588638589618022 
2.23606797749979 0.937984496124031 
3.1622776601683795 0.9175455417066155 
2.0 0.9565217391304348 
1.0 0.978021978021978 
0.0 1.0 
1.4142135623730951 0.9588638589618022 
0.0 1.0 
1.4142135623730951 0.9588638589618022 
2.23606797749979 0.9400732916576848 
3.0 0.941747572815534 
4.47213595499958 0.8804847471792728 
6.324555320336759 0.8427518427518428 
7.280109889280518 0.8244475978106629 
7.280109889280518 0.8244475978106629 
6.708203932499369 0.8270401948842875 
5.0 0.8637399047421827 
2.0 0.9607843137254902 
4.123105625617661 0.8975332068311196 
2.0 0.9565217391304348 
3.0 0.9354838709677419 
2.0 0.9565217391304348 
2.0 0.9565217391304348 
1.4142135623730951 0.9588638589618022 
3.605551275463989 0.8999366687777074 
2.8284271247461903 0.9197952218430034 
5.0 0.8637399047421827 
4.242640687119285 0.8826482585503609 
4.47213595499958 0.8804847471792728 
2.23606797749979 0.937984496124031 
2.8284271247461903 0.9197952218430034 
2.23606797749979 0.937984496124031 
1.4142135623730951 0.9588638589618022 
1.4142135623730951 0.9588638589618022 
1.4142135623730951 0.9588638589618022 
2.23606797749979 0.9400732916576848 
1.4142135623730951 0.9588638589618022 
2.8284271247461903 0.9197952218430034 
3.605551275463989 0.8999366687777074 
5.0 0.8637399047421827 
5.830951894845301 0.8452075858534085 
6.324555320336759 0.8427518427518428 
10.0 0.7489312087057909 
9.219544457292887 0.7650519709747009 
7.810249675906654 0.7964071856287425 
7.810249675906654 0.7982017982017982 
8.48528137423857 0.7814726840855107 
8.54400374531753 0.7917579135974517 
5.0 0.8656716417910447 
7.810249675906654 0.7964071856287425 
9.219544457292887 0.7667844522968198 
9.433981132056603 0.7629774730656219 
10.816653826391969 0.733102253032929 
8.94427190999916 0.7772511848341233 
9.433981132056603 0.7629774730656219 
9.486832980505138 0.774622892635315 
10.295630140987 0.7467248908296943 
10.0 0.7489312087057909 
8.602325267042627 0.7795353435491844 
6.4031242374328485 0.8292682926829268 
5.0 0.8637399047421827 
9.219544457292887 0.7650519709747009 
13.45362404707371 0.680672268907563 
10.295630140987 0.7467248908296943 
9.848857801796104 0.7605633802816901 
10.63014581273465 0.735106998264893 
13.0 0.6997167138810199 
18.027756377319946 0.6 
20.591260281974 0.5625 
27.202941017470888 0.46484375 
25.612496949731394 0.48514851485148514 
26.627053911388696 0.47299509001636664 
27.65863337187866 0.4584346135148274 
26.90724809414742 0.46818923327895595 
31.240998703626616 0.4195583596214511 
36.235341863986875 0.366120218579235 
40.607881008493905 0.32547864506627394 
44.654227123532216 0.29449838187702265 
48.877397639399746 0.2649332396345748 
50.60632371551998 0.25348189415041783 
51.0 0.25260960334029225 
52.354560450833695 0.2422360248447205 
53.23532661682466 0.23668842322226039 
55.90169943749474 0.22033898305084745 
58.137767414994535 0.2057877813504823 
63.50590523722971 0.17386200599973914 
69.35416353759881 0.1433653052150162 
71.8679344353238 0.13293051359516617 
80.32434251209281 0.09329446064139942 
62.16912416947821 0.20336943441636582 
44.10215414239989 0.3711151736745887 
31.622776601683793 0.45161290322580644 
19.313207915827967 0.5923566878980892 
26.627053911388696 0.47299509001636664 
46.61544808322666 0.2771392081736909 
76.48529270389177 0.10885233783034559 
118.59595271340417 0.0 
145.34441853748632 0.0 
179.61069010501575 0.0 
209.69024774652732 0.0 
220.02045359466015 0.0 
268.1510768205118 0.0 
285.84786163272236 0.0 
313.82319863260585 0.0 
334.37852801877096 0.0 
347.80023001717524 0.0 
358.3475966153533 0.0 
364.72592449673766 0.0 
374.9306602559999 0.0 
377.91533443352097 0.0 
381.0577384071868 0.0 
383.3131878764413 0.0 
378.0581965782517 0.0 
376.44255869919914 0.0 
374.20448955083367 0.0 
367.78390394360656 0.0 
365.48324174987835 0.0 
360.40671469882466 0.0 
357.49405589464004 0.0 
351.09542862304545 0.0 
342.64413025761877 0.0 
338.6620734596657 0.0 
333.3181663216093 0.0 
326.06901110041105 0.0 
329.53907203850656 0.0 
330.92597359530424 0.0 
328.17373447611556 0.0 
332.4484922510553 0.0 
337.5574025258519 0.0 
344.88983748437704 0.0 
342.81190177705327 0.0 
343.55931074561204 0.0 
354.572982614299 0.0 
367.2655714874456 0.0 
365.4271473221441 0.0 
374.5317076029745 0.0 
378.65287533570904 0.0 
384.4008324652797 0.0 
393.8489558193598 0.0 
398.32273347123936 0.0 
401.90794966011805 0.0 
409.4972527380373 0.0 
416.3616216703936 0.0 
417.6553603151766 0.0 
418.4459343810141 0.0 
416.6173304124542 0.0 
419.2004293890931 0.0 
421.2030389254095 0.0 
424.00471695489426 0.0 
425.40568872548005 0.0 
425.80042273346794 0.0 
418.6000477783059 0.0 
418.6000477783059 0.0 
420.0 0.0 
420.6007608171911 0.0 
414.8493702538308 0.0 
414.8493702538308 0.0 
414.8493702538308 0.0 
409.1760012512953 0.0 
409.0195594345092 0.0 
407.9460748677452 0.0 
405.62667565139253 0.0 
401.90794966011805 0.0 
