0.7071067811865476 0.9783199450533042 
4.949747468305833 0.859697386519945 
3.5355339059327378 0.8971906411982016 
2.9154759474226504 0.9166208592506871 
4.949747468305833 0.859697386519945 
4.301162633521313 0.8781504266719588 
3.8078865529319543 0.8969733413509722 
3.5355339059327378 0.9161773638388337 
2.9154759474226504 0.9166208592506871 
5.1478150704935 0.8594885901142392 
3.5355339059327378 0.9161773638388337 
4.743416490252569 0.8777245542926788 
2.5495097567963922 0.9364531875712491 
2.5495097567963922 0.9364531875712491 
3.5355339059327378 0.9161773638388337 
3.8078865529319543 0.8969733413509722 
2.9154759474226504 0.9166208592506871 
2.1213203435596424 0.9366796269769345 
3.5355339059327378 0.8971906411982016 
2.1213203435596424 0.9366796269769345 
2.5495097567963922 0.9364531875712491 
2.9154759474226504 0.9166208592506871 
2.5495097567963922 0.9364531875712491 
3.8078865529319543 0.8969733413509722 
5.70087712549569 0.8588624821122927 
6.670832032063167 0.8403755868544601 
6.96419413859206 0.8232558139534883 
5.1478150704935 0.8594885901142392 
4.949747468305833 0.859697386519945 
3.5355339059327378 0.9161773638388337 
5.70087712549569 0.8588624821122927 
2.9154759474226504 0.9166208592506871 
4.743416490252569 0.8777245542926788 
3.8078865529319543 0.8969733413509722 
3.5355339059327378 0.8971906411982016 
3.5355339059327378 0.9161773638388337 
6.041522986797286 0.841193963480726 
6.041522986797286 0.841193963480726 
26.315394733881533 0.5019157088122606 
7.905694150420948 0.8056638229442067 
18.34393632784414 0.6114421930870083 
17.84656829757475 0.6348246674727932 
7.648529270389178 0.8222527850364462 
17.10263137648707 0.6369252057028489 
7.648529270389178 0.8222527850364462 
8.860022573334675 0.7884080663013255 
7.648529270389178 0.8222527850364462 
9.617692030835672 0.7870572684847994 
6.519202405202649 0.8578199052132701 
6.670832032063167 0.8403755868544601 
6.041522986797286 0.841193963480726 
6.041522986797286 0.841193963480726 
8.276472678623424 0.7893741728114956 
8.514693182963201 0.7737556561085973 
7.3824115301167 0.8064516129032258 
5.1478150704935 0.8594885901142392 
6.363961030678928 0.8240590324623476 
7.3824115301167 0.8064516129032258 
5.70087712549569 0.8416034247908153 
9.192388155425117 0.757847533632287 
6.670832032063167 0.8403755868544601 
7.106335201775948 0.8068457657166235 
4.949747468305833 0.859697386519945 
13.656500283747663 0.6813786452120505 
9.300537618869138 0.757660980074819 
10.977249200050075 0.7263322475570032 
9.192388155425117 0.757847533632287 
11.510864433221338 0.7117903930131004 
10.700467279516348 0.7268722466960352 
9.300537618869138 0.757660980074819 
9.617692030835672 0.757101556905286 
11.067971810589327 0.7400257400257401 
12.589678312014172 0.7367413815703238 
8.74642784226795 0.7733758064084375 
7.3824115301167 0.8064516129032258 
11.510864433221338 0.7117903930131004 
12.349089035228468 0.696969696969697 
10.124228365658293 0.7418557568427419 
20.700241544484452 0.5458639598646599 
14.983324063771697 0.6540084388185654 
19.557607215607945 0.5676660593009774 
20.554804791094465 0.6154502670145577 
18.66815470259447 0.6324076583791243 
20.796634343085422 0.5935342650277825 
19.50640920313116 0.6412238325281804 
18.506755523321747 0.6560757943154264 
19.300259065618782 0.5981472993510722 
23.119256043393783 0.5295176967654053 
27.101660465735304 0.46168611963020983 
28.469281690973517 0.44334299222205276 
31.312936623702353 0.4026974951830443 
33.94849039353591 0.37179301348021454 
32.53459696999488 0.387305509601491 
51.79285665031424 0.2561482015206963 
39.75550276376844 0.31452268984264936 
43.502873468312416 0.2821118228793714 
45.70010940905941 0.2641541837610915 
52.31156659860226 0.21531434022490872 
57.83165223301164 0.1801970320488839 
61.97176776565277 0.15678639403516736 
40.10610926031095 0.31306364339087867 
57.118298293979315 0.1893929873067739 
72.46033397659716 0.1007393868904212 
81.1326075015465 0.056199480254452115 
83.80035799446205 0.042766523429506854 
80.2153351922187 0.059578075268301264 
77.08761249383717 0.07683555208790495 
80.53881052014613 0.059442516511810144 
71.79484661171719 0.11048158640226628 
38.890872965260115 0.37179301348021454 
40.749233121618374 0.3582368016401845 
43.52585438564073 0.3453282700079199 
37.42325480232846 0.3531322126677424 
42.52646234992984 0.3551805257236371 
19.03943276465977 0.6094065058426257 
56.67892024377317 0.20540766753397988 
62.70964838045259 0.15901257894644763 
70.657625207758 0.1102582580569475 
49.52272205765753 0.23544001641086848 
48.5025772511111 0.24215776348602178 
57.98706752371601 0.18040731963722537 
55.394043001030354 0.19639535513698012 
57.83165223301164 0.1801970320488839 
63.37586291325744 0.1481256823971855 
60.36969438385455 0.1642268421700086 
61.92333970321691 0.15569666625961656 
60.36969438385455 0.1642268421700086 
58.1936422644261 0.17675897472334226 
58.706899083497845 0.17354874138633505 
57.43256915722994 0.18124921990621043 
56.78468103282786 0.18526470219884422 
56.925389765903226 0.18458649977648636 
51.92783453986888 0.2171005493193217 
51.73490117899134 0.21965498830936908 
46.4811789867684 0.2606900226455308 
41.934472692523514 0.29504447268106737 
44.11915683691156 0.27652850839162185 
44.11915683691156 0.27652850839162185 
40.35467754796215 0.3120234487948825 
42.31430018327138 0.2934262675960093 
45.70010940905941 0.2641541837610915 
49.78453575157651 0.23424312994876573 
21.965882636488796 0.5246599617960461 
10.124228365658293 0.7418557568427419 
36.50342449688796 0.3616426530738084 
46.330335634441504 0.2640094636622083 
17.10263137648707 0.6043397185963723 
14.300349646075091 0.6556619098792892 
40.577087130546964 0.32255295362440356 
38.73628789649313 0.33869501081092 
14.916433890176299 0.6426074235699586 
14.089002803605371 0.6680851063829787 
9.300537618869138 0.757660980074819 
40.96950085124299 0.3169267468442501 
14.713938969562161 0.6914239027752955 
14.713938969562161 0.6914239027752955 
12.747548783981962 0.7225616890714787 
10.977249200050075 0.7263322475570032 
13.509256086106296 0.6694302346092785 
12.90348790056394 0.6830873199359773 
13.729530217745982 0.6689255573749843 
38.58108344772085 0.38992509913349976 
19.81161275615895 0.5575670655726142 
20.40833163195855 0.5558112773302647 
21.783020910791965 0.5337670455860903 
23.717082451262844 0.5028015334709525 
25.700194551792794 0.47358587094334587 
24.38237068047322 0.5252918287937743 
27.829840100151493 0.4733892311456086 
32.25678223257862 0.41655440802275107 
32.16364407215078 0.4358974358974359 
35.30580688781946 0.39831563838993606 
36.09016486523718 0.39501779359430605 
22.7705950734714 0.5393981642848844 
40.87175063537161 0.35263491026400146 
