3.0 0.9439252336448598 
7.211102550927978 0.8092931072451002 
3.605551275463989 0.8985557481224725 
1.4142135623730951 0.9566563467492261 
7.810249675906654 0.7899782135076253 
7.0710678118654755 0.8045244893476828 
6.4031242374328485 0.8193091231178034 
5.830951894845301 0.8343380218798839 
7.810249675906654 0.785116784356328 
9.433981132056603 0.7475273848771669 
7.615773105863909 0.7938864628820961 
8.06225774829855 0.779896013864818 
5.830951894845301 0.8343380218798839 
6.324555320336759 0.8286223013576675 
7.280109889280518 0.8080985915492958 
6.082762530298219 0.8435992370694492 
3.0 0.926829268292683 
2.23606797749979 0.9386503067484663 
3.1622776601683795 0.909809390980939 
2.23606797749979 0.932949064815904 
2.23606797749979 0.932949064815904 
2.23606797749979 0.932949064815904 
2.23606797749979 0.9386503067484663 
3.1622776601683795 0.909809390980939 
5.0990195135927845 0.8651532349602724 
7.0710678118654755 0.8225377107364685 
2.8284271247461903 0.9155980415015155 
2.0 0.9622641509433962 
2.8284271247461903 0.9155980415015155 
6.082762530298219 0.8435992370694492 
10.0 0.7752808988764045 
7.280109889280518 0.8080985915492958 
7.280109889280518 0.8080985915492958 
7.211102550927978 0.7993867717915024 
7.211102550927978 0.7993867717915024 
5.0 0.855255729931128 
6.082762530298219 0.8435992370694492 
6.324555320336759 0.8286223013576675 
7.0710678118654755 0.8225377107364685 
6.082762530298219 0.8435992370694492 
7.280109889280518 0.8080985915492958 
5.385164807134504 0.8496172895092301 
4.47213595499958 0.8710999772261444 
4.47213595499958 0.8710999772261444 
3.605551275463989 0.8930875576036866 
3.605551275463989 0.8985557481224725 
3.605551275463989 0.8985557481224725 
2.8284271247461903 0.9155980415015155 
5.0 0.908256880733945 
6.324555320336759 0.8492009903218546 
7.615773105863909 0.8136865342163355 
8.94427190999916 0.779896013864818 
9.433981132056603 0.7615780445969125 
8.48528137423857 0.7710713515843932 
13.601470508735444 0.6717875674025842 
13.038404810405298 0.6877567789646672 
11.661903789690601 0.7170323928944619 
11.661903789690601 0.7170323928944619 
11.661903789690601 0.7170323928944619 
11.40175425099138 0.7042107446587845 
8.06225774829855 0.7944741727640057 
11.40175425099138 0.713094245204337 
11.661903789690601 0.7170323928944619 
11.313708498984761 0.7088186356073212 
12.041594578792296 0.6919275123558485 
9.219544457292887 0.7525597269624573 
9.219544457292887 0.7525597269624573 
8.54400374531753 0.7743224273836519 
8.94427190999916 0.760822974710673 
7.810249675906654 0.785116784356328 
6.4031242374328485 0.8193091231178034 
4.242640687119285 0.8766560073092736 
1.4142135623730951 0.9566563467492261 
10.63014581273465 0.7260504201680672 
8.246211251235321 0.7880304678998912 
8.06225774829855 0.8019519684175896 
8.602325267042627 0.766122098022356 
21.400934559032695 0.5371375116931711 
27.80287754891569 0.44800845964046526 
29.732137494637012 0.4172848024840435 
36.124783736376884 0.3472165286545872 
34.058772731852805 0.37093275488069416 
33.24154027718932 0.3719629289471487 
35.4682957019364 0.3557755775577558 
34.20526275297414 0.37322413504930635 
39.11521443121589 0.33441611174273184 
44.41846462902562 0.29020100502512564 
49.39635614091387 0.2499619656169177 
53.23532661682466 0.23049273625879887 
56.36488268416781 0.2156543611748169 
55.54277630799526 0.22526284393408397 
54.62600113499065 0.23049273625879887 
55.46169849544819 0.2206210072797504 
57.77542730261716 0.2103712433706541 
61.465437442517235 0.1907246376811594 
64.62197768561404 0.17270910648015986 
70.57619995437555 0.14269819193324063 
77.4919350642375 0.11109608492798702 
87.36131867136622 0.07174536916253588 
89.49860334105779 0.06383529716431438 
91.2414379544733 0.057672502574665295 
94.33981132056604 0.04515964889963109 
104.17293314484334 0.0 
54.3415126767741 0.4429530201342282 
68.8839603971781 0.37229102167182665 
76.6550715869472 0.36181849256537346 
67.00746227100382 0.4756761922966644 
41.23105625617661 0.5309866137828458 
22.360679774997898 0.5503564614921177 
60.74537019394976 0.3161810291382517 
63.52952069707436 0.23127035830618892 
73.7360156233031 0.23657992565055763 
55.90169943749474 0.18670028064500785 
63.702433234531945 0.11037920598184084 
56.08029957123981 0.11310400214161424 
48.33218389437829 0.15682092182138552 
45.880278987817846 0.17082785808147175 
39.84971769034255 0.22908660951817914 
37.36308338453881 0.2554347826086957 
31.144823004794873 0.3335471456061578 
32.01562118716424 0.3241335385595244 
28.284271247461902 0.37393986121819583 
28.231188426986208 0.3837705918242831 
23.40939982143925 0.45401561953607644 
24.166091947189145 0.4470997679814385 
23.259406699226016 0.4630541871921182 
19.924858845171276 0.512 
18.027756377319946 0.5480268056589724 
14.560219778561036 0.6155938349954669 
13.416407864998739 0.6460807600950119 
13.92838827718412 0.6308014119492744 
16.0 0.5949367088607594 
17.029386365926403 0.5704393805866801 
19.924858845171276 0.512 
27.730849247724095 0.3953020134228188 
26.0 0.4162125340599455 
27.313000567495326 0.39827373612823674 
29.410882339705484 0.3946000335401644 
30.4138126514911 0.3614931237721022 
26.076809620810597 0.4334635715927373 
20.0 0.5394298407997038 
33.28663395418648 0.33783783783783783 
39.11521443121589 0.27039413382218147 
31.240998703626616 0.3855381539486838 
28.600699292150182 0.40885475491303364 
36.796738985948195 0.3326923076923077 
29.832867780352597 0.4025185518326962 
34.66987164671943 0.32265931502491785 
34.132096331752024 0.32504780114722753 
27.459060435491963 0.41524846834581347 
30.528675044947494 0.3697156033820138 
26.1725046566048 0.4068685501607173 
19.026297590440446 0.5324324324324324 
12.041594578792296 0.6742500503321924 
9.055385138137417 0.7433962264150943 
10.04987562112089 0.7197215137519818 
12.649110640673518 0.6572339577520925 
11.40175425099138 0.7047970479704797 
10.816653826391969 0.7111111111111111 
8.602325267042627 0.7643564356435644 
7.0710678118654755 0.8138723280500219 
8.246211251235321 0.8676448570145231 
14.7648230602334 0.710172744721689 
14.560219778561036 0.7703661652001136 
14.142135623730951 0.8178373651996502 
15.033296378372908 0.8341420379355977 
16.15549442140351 0.7185368877867327 
16.492422502470642 0.7556650246305419 
18.027756377319946 0.8093994778067886 
20.248456731316587 0.6716697936210131 
20.396078054371138 0.7269832479579122 
19.235384061671343 0.7559121621621622 
19.4164878389476 0.7340654757767429
19.235384061671343 0.7559121621621622 
19.4164878389476 0.7340654757767429 
