516 430 
517 433 
514 431 
512 430 
512 430 
508 428
505 427
502 426 
501 424 
499 423 
495 419 
494 417 
491 412 
489 410 
488 408 
486 405 
485 402 
483 400
481 399 
482 398 
482 398 
482 398 
482 396 
481 392 
481 390 
481 388 
481 386 
481 384 
481 382 
481 381 
480 380 
480 373 
481 370 
482 366
484 363 
486 359 
489 358 
490 355 
493 354 
494 350 
495 349 
496 344 
498 341 
499 339 
500 336 
501 334 
503 333 
506 332 
505 330 
506 329
508 328 
510 328
512 327
515 327 
513 326 
515 328
519 330
521 332
523 333 
527 332 
527 339 
527 338 
526 340 
529 340 
529 340 
531 342 
530 343 
530 343 
525 344 
521 346 
518 347 
516 349 
514 350 
507 347 
503 345 
504 345 
499 346 
491 348 
488 346 
480 347 
477 348 
469 350 
466 358 
463 362 
455 369
450 376 
441 382 
435 385 
430 389 
425 396 
421 403 
420 410
419 417
417 423 
415 432 
414 441 
416 450 
418 458 
421 468 
427 481 
434 492 
449 506 
466 521 
480 528 
503 536 
525 540 
548 545 
579 551 
623 554 
652 549 
688 542 
719 535 
730 515 
778 509 
795 496 
821 476 
838 453 
847 432 
852 411 
853 394 
857 376 
856 366 
853 352 
850 341 
838 330 
832 323 
825 316 
814 311 
807 305 
797 300 
791 297 
782 296 
771 296 
764 294 
755 292 
746 293 
746 288 
744 284 
737 281 
739 277 
739 270 
740 261 
738 262 
738 261 
741 249 
750 240 
746 239 
753 233 
757 231 
760 226 
764 217 
765 212 
767 209 
768 200 
769 192 
766 188 
766 187 
763 187 
762 183 
764 182 
766 180 
767 179 
765 177 
761 183 
761 183 
762 182 
763 182 
764 190 
764 190 
764 190 
765 198 
766 199 
768 202 
768 205 
767 209 
769 212 
