12.877499088604427 0.7600748485250465 
10.354225284225206 0.7529889356690697 
9.894210447228454 0.7642278998593618 
12.404052230151535 0.6876605544552903 
8.277872396892324 0.8387394801578947 
9.345047317889163 0.8143254931606584 
9.609375090793543 0.8133239013694586 
10.618212528937134 0.7961373624270246 
9.408318659518798 0.8155733794197396 
8.870772495998827 0.8048756874374158 
10.6773434625916 0.7940727488388377 
9.732383137745986 0.7946770080352551 
10.732886645789582 0.7782978445843535 
10.920420238806429 0.787607654495005 
15.55425230956231 0.6712452995094083 
16.43013119402056 0.6618304240372296 
16.15617875137058 0.6776599115323562 
16.185987979421835 0.6841409025621235 
17.18001318379433 0.6655003830901669 
15.882756172835235 0.6891897551058881 
5.303066167151962 0.8576977990667841 
6.365397604776267 0.8299664764508448 
22.61116623506008 0.5422844384687836 
25.16696442498568 0.4905671616456918 
26.098165710574715 0.4722345582150621 
26.592564749108444 0.462015125337107 
26.256407492085735 0.46451041597407977 
25.21484050189646 0.47869116366771364 
23.91040751656542 0.5023357758671917 
22.629379484934155 0.53516100135928 
22.735303590702017 0.5636533815843394 
23.644962776715914 0.5338881917918035 
23.083492195158748 0.5495501042129253 
23.47783398196965 0.5329986774751215 
22.782665536070535 0.5314211218334729 
22.276419574903965 0.5266450644058346 
19.920251139034956 0.5658688654523423 
20.20536851628445 0.5603593694687242 
17.95714276641077 0.6092323546453289 
18.671949022228198 0.5907436647649092 
18.511755336639954 0.6065923275194652 
19.840905861027604 0.5711380981052313 
19.33554283734948 0.5743429097667343 
162.22808342973676 0.0 
161.30326293126862 0.0 
161.47715283478163 0.0 
162.27624036334237 0.0 
162.7385150024733 0.0 
158.18026915770193 0.0 
158.47671200890986 0.0 
138.81282361511128 0.0 
170.40686061137816 0.0 
170.47716476737756 0.0 
171.9067095363221 0.0 
261.70739385810253 0.0 
164.9444294671095 0.0 
168.80735346249122 0.0 
171.85229645015164 0.0 
337.85351855500926 0.0 
333.0941082690474 0.0 
337.972876875018 0.0 
335.48036638550957 0.0 
336.13020874496544 0.0 
331.3125412657963 0.0 
331.4754892899323 0.0 
334.3889950342266 0.0 
214.03735100912624 0.0 
216.6454962495699 0.0 
221.64487508929614 0.0 
228.7627429710031 0.0 
228.66091653386158 0.0 
238.26023479705466 0.0 
246.73728955855634 0.0 
248.00149949153214 0.0 
244.12168269704577 0.0 
252.82944073151364 0.0 
258.90583952496763 0.0 
264.6333422497585 0.0 
269.2129216912761 0.0 
271.0665133239006 0.0 
274.6412499132526 0.0 
276.1155585526277 0.0 
293.98478247779707 0.0 
301.1814952730821 0.0 
308.44943437254017 0.0 
306.6348969050979 0.0 
305.3908488200078 0.0 
328.5904803920914 0.0 
336.01201087272057 0.0 
340.0789229253589 0.0 
347.3258486588808 0.0 
356.8790369981324 0.0 
474.51132757817277 0.0 
373.29918939102987 0.0 
214.83016547961788 0.0 
223.77425137891842 0.0 
234.47174669882938 0.0 
681.3053102003104 0.0 
631.7877054904626 0.0 
576.4735919172026 0.0 
543.8779997242075 0.0 
502.47178848938455 0.0 
492.0788069469813 0.0 
474.5052967628383 0.0 
95.42175734292888 0.0 
470.83345391887235 0.0 
451.82771974514395 0.0 
477.19480444051806 0.0 
505.2440180930245 0.0 
559.5171363423545 0.0 
359.9030287174588 0.0 
364.99108695481925 0.0 
348.128603455677 0.0 
40.72448933995366 0.020876136844259388 
66.66366197886889 0.02995804018451034 
780.6656718520316 0.0 
368.6359656897303 0.0 
253.49083139237993 0.0 
365.0074344448342 0.0 
338.75515481243974 0.0 
392.12242986087904 0.0 
777.9524864759287 0.0 
754.2871534198008 0.0 
733.6895563094255 0.0 
767.0520190964886 0.0 
262.535114603742 0.0 
186.89873621830617 0.0 
126.41243978840235 0.0 
225.75278372591558 0.0 
171.22287417281606 0.0 
66.20058440829654 0.0 
67.56669725478669 0.0 
35.940939322171296 0.09605785105713781 
63.66699260119013 0.0 
465.6393454166003 0.0 
457.21436428313984 0.0 
458.5070005306776 0.0 
519.9778841450856 0.0 
496.05380811666043 0.0 
493.8643310437119 0.0 
479.94537630024024 0.0 
471.00955404322747 0.0 
457.13062489548645 0.0 
27.00000000000003 0.03044496487119416 
436.28545701180553 0.0 
442.57301777465176 0.0 
23.706539182259394 0.010332950631458095 
26.48878694748657 0.0 
29.226808518491147 0.0 
30.178925781941587 0.0 
30.954996376096933 0.0 
32.984845004941285 0.0 
35.74504797523614 0.0 
657.8261411649737 0.0 
648.4191545597647 0.0 
35.510561809129406 0.0 
37.286355312414194 0.0 
589.8363840930805 0.0 
578.2812450702512 0.0 
565.8932566618344 0.0 
560.8721905033267 0.0 
548.2931888396937 0.0 
538.1240245676245 0.0 
519.8144315656417 0.0 
508.9353244870398 0.0 
499.5386477666139 0.0 
489.71713972252024 0.0 
167.6573887426379 0.0 
464.5958174585734 0.0 
455.05152564276443 0.0 
442.06539209391775 0.0 
432.8515099082083 0.0 
149.4824404403407 0.0 
421.57087185905056 0.0 
400.90547514345565 0.0 
