3.5015260488733544 0.9081811632808643 
5.603004790034227 0.8540079033581373 
9.471759072420674 0.772560164307069 
5.6806734974299395 0.8564946922844031 
5.477853545818653 0.8597727321628204 
11.454709744388943 0.7367323308876134 
7.942029160702237 0.8035949383540588 
12.874921442649745 0.7091264572829306 
18.563514277295575 0.6282191108390618 
6.384398805696446 0.8355444014755995 
5.865914535516891 0.8483732822061832 
5.560604740719169 0.8524391929954492 
4.426001904078852 0.8898066556470081 
5.107600544879236 0.8678358137818282 
5.814492942109084 0.8475559720662671 
6.237694990658612 0.8518440156481993 
5.975330569878465 0.8664187013236234 
5.868891490011196 0.8472188888552683 
6.556645448678772 0.8420713603798797 
6.961895508253342 0.8333365838366861 
8.066328951645524 0.8012349737838658 
21.39815003949146 0.5360235945206919 
20.697837411385976 0.5583887574813388 
18.332699091981684 0.5959832175064665 
25.437683279954324 0.5044806990345739 
26.67641238674 0.4842328184584575 
28.62466206831774 0.4475341020582427 
37.09082066319948 0.3438873572811061 
37.020427388030264 0.3446305648734461 
37.264367762172796 0.3419138454529196 
6.397814139183718 0.8463727490914218 
4.43749185439114 0.875414699988452 
4.334506320202558 0.8781235535502614 
3.495186105513337 0.8987156279507524 
2.9473873029833215 0.9102055653364508 
1.3832700247693581 0.960168802708617 
3.2695883499076714 0.9057052823985504 
4.494884526347151 0.8622862944991545 
8.015376564084974 0.7790491744699681 
1.2379945303568958 0.9773391957491123 
1.8833381369122952 0.9509776831444638 
4.417998479982686 0.8823390208268383 
3.3090404366915407 0.8941818123076349 
2.314301958742005 0.9307101162546255 
5.540605960857216 0.8327404286943344 
11.06207916258254 0.7007279911761954 
11.885955998601021 0.6795151110920444 
11.888384357796875 0.6899361637955667 
6.59423472833776 0.8059739569325327 
6.241096767859946 0.8259943053874458 
5.532099018926701 0.8855368437318784 
1.5169916409889272 0.9659810891660521 
1.5090475927613254 0.9621101656400495 
6.1637703948606815 0.8887497198649625 
8.443574634234167 0.7499043335629357 
8.011439073535541 0.7759108017226144 
5.144839212022042 0.8615433498762514 
4.919264193015986 0.896723360757103 
4.484304170681158 0.9000194680761937 
5.70361638815083 0.8647693663987133 
5.210322265202883 0.8966323515696836 
6.0646860126818485 0.8203076769735073 
8.74005872143024 0.7634030193656361 
9.519474139388823 0.7284474827269779 
9.601379694260663 0.723800808960469 
16.82270275439096 0.5916508496004885 
5.362616010632456 0.8400625455453473 
9.089552848150152 0.751593080811385 
14.485942317436965 0.6333190622931455 
4.542938565959306 0.879720803917452 
5.044857166227621 0.8736016618031784 
6.6487787408057555 0.8354604997696798 
8.44693842322825 0.8172403898931783 
7.70482828855406 0.8601451673745736 
5.883591169808714 0.903285266627217 
2.2496302430312896 0.9296846094319877 
1.7304305836898857 0.9466233276632731 
6.351542823596738 0.8266961236024427 
2.0062688871475616 0.9378303014293755 
3.146004843652042 0.9286822335522376 
3.076078535919869 0.9281913549697748 
2.906642168210083 0.9159132965052341 
2.5362885095954577 0.9221736965793962 
3.4163888503557662 0.8990026824168371 
6.642449822127606 0.8174842750086084 
6.6723984561786684 0.8130306474597591 
9.106896448378242 0.7718570024344592 
5.5579047700537085 0.8531946664568565 
6.320092765575253 0.8358155925050151 
9.853776575808457 0.7383022388858124 
9.13695725181045 0.7645899427977082 
15.893788670127364 0.6480694994977244 
18.467687811358804 0.595427142540347 
5.1864128398238645 0.8557268135862802 
4.406785234672705 0.8783891851275827 
7.44730822441392 0.7980330132039829 
8.19420405705642 0.7850955790469916 
11.288176504816507 0.7217076554291313 
12.920433636537021 0.6837899349637707 
3.4845974634010504 0.9092570102037918 
3.2475649496816255 0.9126344393483733 
5.092395490967792 0.8560896047792186 
5.893882171371567 0.8359910807195543 
14.593304183434743 0.648320324829127 
21.88147680381829 0.5328762255646474 
8.845957291571146 0.8051190178334002 
9.093500240371693 0.7881592977354941 
12.099504037124724 0.7078180863863489 
5.776278671839661 0.8601709336146798 
10.564013385276168 0.7381627030594754 
15.237865437107411 0.6439544448111237 
11.44275123649666 0.8056259211567063 
11.464195857017412 0.8132462287876423 
11.990596174270024 0.7998132123047349 
5.951709439414692 0.871947049613636 
4.550630022861047 0.8780669175562882 
6.971311110006482 0.8232708021992409 
22.393133735507952 0.5223855891665135 
21.488938851684242 0.5354922092343096 
24.68076816193407 0.5009969355664361 
4.884503977225773 0.8910629733194521 
4.349695251230381 0.900318873069498 
1.1313654017023975 0.9663584543090439 
3.8463256925367073 0.9201966835526559 
4.208980747283086 0.89663925085971 
3.916698831440093 0.9016436385105843 
4.414428147596682 0.9252285627361194 
5.34602605053987 0.8498807681189028 
11.885562077503643 0.7003261236800804 
11.978025954489228 0.692480899324964 
12.72235263374299 0.67763457694338 
25.206348134564482 0.4684634311967894 
9.442315317600174 0.7497409405144191 
19.951130583901236 0.556788705143159 
29.217320442789266 0.42423942830732747 
12.271576540523144 0.7054570785708013 
12.627658090152739 0.696757598740728 
21.5537110577318 0.52778679947499 
6.726160564877649 0.8121317670443947 
13.091191974437113 0.6689533705612498 
19.043000064581484 0.5592307273123601 
10.156485570622976 0.7342758260584008 
10.31649716820569 0.7297284715334192 
14.103375485878804 0.6519079208431491 
10.516557805760032 0.7634156569083393 
17.028385570399966 0.642824665352031 
19.460522121129248 0.6122983670850143 
2.770087082656512 0.9251025357536291 
2.7627362877926442 0.9178788089426678 
1.884215978239838 0.9424746396292535 
7.7696086482554 0.7901952568664868 
8.22132148505138 0.7758159430236028 
7.936039355515851 0.781882872466039 
3.3041019866898846 0.9016724837624609 
3.2555228792773137 0.9030000126939246 
6.549507368200227 0.8131958759919558 
2.927686857868127 0.9110761259282635 
5.4904808087879315 0.8456001890445837 
6.3564217242019385 0.8222430958963267 
2.898439759076408 0.9101365900946432 
2.6783614007558065 0.9164340385441837 
4.377394218374652 0.8677276603711674 
7.789237618915846 0.78812091446576 
11.893697456951575 0.6842988277011723 
18.149711842316776 0.5655521247934221 
8.715441980433587 0.7703246352182241 
8.9990394263315 0.7691050087768223 
12.469710024635594 0.6718408546603791 
8.928168547822382 0.795614889851197 
7.00534495455518 0.8126255206268858 
10.05213705074883 0.7308355932347786 
8.188662342150696 0.7755237622811959 
8.524394502514154 0.7664858004065592 
11.771897356009443 0.710073627578393 
4.569086109890865 0.9122651421212861 
5.873090895456914 0.8676040773837598 
7.780596849921812 0.8356551621051284 
12.384108689945528 0.7524191772162185 
12.637110274364478 0.7368191556347983 
15.809316406884129 0.706922240317857 
10.614744837950608 0.7362112139504667 
13.224294876188184 0.7692896514216411 
14.490534532239659 0.7523060579817348 
8.32450830173066 0.8118992656050333 
8.928300113334817 0.8159348289638442 
12.49889015676375 0.7363242345816289 
8.39318178959868 0.7728411053480714 
6.328592273895862 0.8397917008117085 
5.467837308358217 0.8597192011932765 
11.147212947006166 0.7019043681177857 
10.765421799557442 0.7076337112731208 
13.790037225711478 0.6604005471331432 
13.892410851038361 0.667017760689385 
15.437895370902718 0.6524410185973818 
16.235658995193194 0.6359018136421842 
9.390887543784714 0.7453688159339932 
9.46054193855195 0.7378495750522988 
9.943024634670943 0.7196321737886239 
5.166840325571626 0.8511699728565105 
7.233986085045276 0.7927712963220243 
11.684790181243082 0.688879125192034 
7.842662965977277 0.7922965861102921 
8.72168649640534 0.7740257253324807 
8.172800171757117 0.7805302089457492 
6.147140533784629 0.8140896361903224 
5.251472576048988 0.850104132324006 
8.964805209609034 0.7477054922876268 
5.251472576048988 0.850104132324006 
8.964805209609034 0.7477054922876268
8.964805209609034 0.7477054922876268
14.024677245439422 0.6407132341708587 
17.344598287435453 0.5739379563394337 
20.978001905717193 0.49948938270037596 
17.949121408737224 0.5667743378730339 
18.472653130582334 0.5546003443351613 
27.826850235465628 0.3969378077803522 
23.0525067745491 0.48938120430198195 
32.97611681915103 0.3359683208102462 
44.70199429683957 0.20281320550051884 
27.494702015697285 0.40092534782527994 
27.4249013821454 0.40303979573205945 
45.278354448025574 0.18510746641669035 
30.689449080265497 0.3568768960705939 
46.767999190880126 0.17074680947563728 
61.59272778834905 0.05994902449150596 
23.439534358397314 0.4642142822975354 
23.57157962863451 0.46129914429303787 
36.941654317403035 0.2835597517658306 
22.542604445792634 0.4743399270600859 
35.71445686720747 0.2967083734267608 
43.019401987855055 0.22248427557461445 
13.666800920338932 0.6411547538350403 
14.168629094410115 0.6306548981307392 
15.584303901386622 0.6034164214111405 
8.921480726946086 0.749464826688318 
9.322394156439238 0.7419404030509392 
14.783869990954082 0.6729157266102441 
13.975121604087592 0.6614737032047993 
14.500332449258739 0.6558751734232823 
13.246944155980037 0.7396440329003813 
6.61507008430641 0.823174161308378 
1.3110996321777344 0.9618732514853724 
4.642887359265843 0.8668722772233748 
9.825860537921782 0.7313081643772013 
9.637679378941208 0.7340614512944277 
7.89971752480491 0.7903775867643366 
8.025497507946701 0.7806486524572556 
6.336494921277805 0.880406684107518 
7.083987035310751 0.7932136326432568 
5.361581526486821 0.8421739793677513 
5.215408289443372 0.8554485226496367 
6.540220629733192 0.8584143276748224 
14.82466852587554 0.6481796019919136 
18.08461175140911 0.6758065999201095 
19.814429563985595 0.6837447999707303 
7.388519945339293 0.7921176725411734 
7.53080931640885 0.7876879532666012 
5.377679065236017 0.8623807279191739 
10.859182693532977 0.71206456416736 
13.2348791817811 0.695601980636359 
19.52293326213188 0.6939232856580229 
14.33111030456989 0.6653323574523239 
14.304104402586146 0.6687085834630414 
17.592687291852766 0.7066544306876884 
7.324671022685758 0.7949840598012948 
8.610925492443961 0.8241427925080352 
16.063245093258534 0.763005791796081 
12.603485968075674 0.7015863548864777 
12.466208027952183 0.7023651439751855 
14.93201228008549 0.6914167067698666 
11.525671075032758 0.7013076370948139 
11.659098430497773 0.6905107352464873 
13.231354865231197 0.6556174349505295 
18.0851282591755 0.5711107285953807 
17.954356078896524 0.5783388926012047 
23.89989315030046 0.49530830809398035 
12.124781172140096 0.6888173374617936 
14.371406151883654 0.6381889009323294 
14.329504161932235 0.6388119200368685 
15.951031449267592 0.6166660171808607 
15.548240408301607 0.6237161020372729 
17.614035613221507 0.5858201849788292 
19.509609498945803 0.5391282167571634 
22.110358395757096 0.4998560885277102 
24.92722878203633 0.469670716607167 
12.654620922565439 0.6727187361735307 
12.239168700678379 0.6797429617883789 
11.528139530614633 0.7021982780027054 
16.03700577897669 0.6201757448631062 
15.95381179117143 0.6260817062818997 
13.833186337960269 0.669393826071487 
9.376022239413558 0.7417206526073226 
9.577624675098251 0.7373326030827739 
5.8103967485761 0.8264147043920929 
8.219138314946505 0.7836503518287574 
3.3891480746499223 0.9093990746341671 
6.241509416968221 0.8181522659106586 
10.649314046038326 0.8007503997863845 
10.626226886548764 0.7938598973661212 
13.43899822953902 0.6737899699440699 
3.783162767441762 0.9062226826091266 
11.704395412406095 0.6892171601870932 
21.474104052282442 0.4905538253918899 
7.500208298065887 0.7771841630763986 
7.463596118902984 0.7777811763340524 
9.780635015898364 0.8032444028957956 
5.638643811776393 0.8245265652283469 
4.922597312577796 0.8446149497474188 
11.043208173111974 0.7000998098495603 
8.476905061319066 0.7737103700664163 
8.614374810272366 0.7735632107191299 
6.806630867816345 0.7982993439560551 
12.040386614585262 0.6916347209707523 
10.288379189508804 0.7264872247424992 
8.333075099424956 0.7728409128155557 
11.109201598652298 0.7055447475007957 
11.383943428620249 0.7051395806941293 
9.791726231385006 0.742162221167351 
13.27022585477944 0.6919532866271108 
12.370751455539992 0.7000662317814106 
14.606281479555967 0.6389828540357125 
14.574294149812898 0.6614467984454037 
14.611260459573153 0.6592525254108391 
14.503722399111098 0.6510711152644056 
15.908247923133437 0.6217175956379392 
15.205386744796451 0.6341557368042425 
13.480037400734261 0.6631053017734095 
13.957457352853998 0.6529273067683591 
13.933822636993504 0.6559443580308761 
11.614802182488006 0.6947317488641487 
19.755934594618065 0.5547916361229139 
19.031206455877953 0.5886577082851071 
18.412762347475184 0.6387787300950472 
12.105941730940419 0.6847146606963462 
12.30581107829984 0.6862133106782813 
9.720248416006696 0.7408646320401016 
14.957983625122715 0.6364700965970351 
10.497818543829407 0.7293923970556904 
8.9066533055217 0.7778962483387573 
