709 313 
709 313 
709 313 
702 314 
702 314 
702 314 
694 313 
694 313 
694 313 
682 312 
682 312 
682 312 
682 314 
682 314 
682 314 
684 311 
684 311 
684 311 
683 318 
683 318 
683 318 
692 324 
692 324 
692 324 
699 331 
699 331 
699 331 
711 326 
711 326 
711 326 
683 315 
683 315 
683 315 
683 315 
683 315 
683 315 
687 319 
687 319 
687 319 
697 319 
697 319 
697 319 
704 316 
704 316 
704 316 
716 319 
716 319 
716 319 
715 314 
715 314 
715 314 
717 318 
717 318 
717 318 
724 312 
724 312 
724 312 
722 316 
722 316 
722 316 
726 317 
726 317 
726 317 
736 321 
736 321 
736 321 
753 318 
753 318 
753 318 
770 327 
770 327 
770 327 
777 328 
777 328 
777 328 
780 327 
780 327 
780 327 
787 327 
787 327 
787 327 
785 327 
785 327 
785 327 
785 332 
785 332 
785 332 
792 335 
792 335 
792 335 
800 340 
800 340 
800 340 
816 337 
816 337 
816 337 
822 342 
822 342 
822 342 
837 351 
837 351 
837 351 
841 355 
841 355 
841 355 
860 364 
860 364 
860 364 
870 365 
870 365 
870 365 
883 367 
883 367 
883 367 
884 361 
884 361 
884 361 
906 369 
906 369 
906 369 
891 353 
891 353 
891 353 
891 357 
891 357 
891 357 
894 359 
894 359 
894 359 
906 370 
906 370 
906 370 
931 366 
931 366 
931 366 
957 364 
957 364 
957 364 
979 362 
979 362 
979 362 
994 360 
994 360 
994 360 
1007 354 
1007 354 
1007 354 
1013 335 
1013 335 
1013 335 
1012 342 
1012 342 
1012 342 
1018 346 
1018 346 
1018 346 
1021 354 
1021 354 
1021 354 
1026 354 
1026 354 
1026 354 
1022 365 
1022 365 
1022 365 
1004 366 
1004 366 
1004 366 
993 368 
993 368 
993 368 
983 365 
983 365 
983 365 
988 358 
988 358 
988 358 
989 359 
989 359 
989 359 
987 349 
987 349 
987 349 
983 343 
983 343 
983 343 
974 338 
974 338 
974 338 
968 341 
968 341 
968 341 
969 337 
969 337 
969 337 
971 331 
971 331 
971 331 
976 329 
976 329 
976 329 
977 319 
977 319 
977 319 
978 318 
978 318 
978 318 
978 317
978 317
978 317
979 316 
979 316 
979 316 
987 307 
987 307 
987 307 
1000 299 
1000 299 
1000 299 
1031 297 
1031 297 
1031 297 
1060 286 
1060 286 
1060 286 
1109 273 
1109 273 
1109 273 
1138 272 
1138 272 
1138 272 
1168 257 
1168 257 
1168 257 
1171 252 
1171 252 
1171 252 
1166 247 
1166 247 
1166 247 
1160 241 
1160 241 
1160 241 
1143 245 
1143 245 
1143 245 
1138 243 
1138 243 
1138 243 
1122 242 
1122 242 
1122 242 
1110 241 
1110 241 
1110 241 
1097 225 
1097 225 
1097 225 
1088 223 
1088 223 
1088 223 
1075 208 
1075 208 
1075 208 
1066 194 
1066 194 
1066 194 
1058 182 
1058 182 
1058 182 
1054 173 
1054 173 
1054 173 
1054 175 
1054 175 
1054 175 
1060 162 
1060 162 
1060 162 
1059 159 
1059 159 
1059 159 
1065 160 
1065 160 
1065 160 
1070 146 
1070 146 
1070 146 
1066 149 
1066 149 
1066 149 
1067 151 
1067 151 
1067 151 
1059 151 
1059 151 
1059 151 
1044 159 
1044 159 
1044 159 
1026 151 
1026 151 
1026 151 
991 158 
991 158 
991 158 
976 170 
976 170 
976 170 
951 169 
951 169 
951 169 
940 175 
940 175 
940 175 
932 173 
932 173 
932 173 
925 170 
925 170 
925 170 
924 178 
924 178 
924 178 
923 179 
923 179 
923 179 
922 181 
922 181 
922 181 
916 183 
916 183 
916 183 
908 171 
908 171 
908 171 
900 173 
900 173 
900 173
