0.7071067811865476 0.9741017691045049 
0.7071067811865476 0.9741017691045049 
3.8078865529319543 0.8603691863462927 
3.8078865529319543 0.8603691863462927 
4.527692569068709 0.8423829787234043 
7.905694150420948 0.7332265812650121 
4.527692569068709 0.8423829787234043 
9.617692030835672 0.6908801199737558 
14.577379737113251 0.5715654673752069 
3.5355339059327378 0.8781884435190005 
3.5355339059327378 0.8781884435190005 
3.5355339059327378 0.8781884435190005 
1.5811388300841898 0.939437376814191 
0.7071067811865476 0.9741017691045049 
1.5811388300841898 0.95852784713929 
7.905694150420948 0.8121546961325967 
6.670832032063167 0.8541231285758334 
7.905694150420948 0.8121546961325967 
5.1478150704935 0.8512057465366855 
4.949747468305833 0.8343897230790089 
6.363961030678928 0.7930623198489216 
16.32482771731451 0.5284249767008388 
15.953056133543816 0.541309486514966 
14.916433890176299 0.5569172348321395 
22.901964981197573 0.4192431752025804 
25.544079548889602 0.38779906146626664 
25.465663156493687 0.39783557610352044 
30.99193443462347 0.2721246738593893 
30.37268509697488 0.28261642374688944 
32.380549717384355 0.2509534706331045 
3.5355339059327378 0.8781884435190005 
1.5811388300841898 0.939437376814191 
1.5811388300841898 0.95852784713929 
1.5811388300841898 0.939437376814191 
1.5811388300841898 0.95852784713929 
1.5811388300841898 0.95852784713929 
2.5495097567963922 0.9431977307816596 
4.301162633521313 0.8645994832041344 
9.513148795220223 0.7005498821681069 
2.5495097567963922 0.9059693608029583 
3.8078865529319543 0.8603691863462927 
4.527692569068709 0.8423829787234043 
3.5355339059327378 0.9281057394278386 
5.70087712549569 0.8216702009492073 
6.670832032063167 0.771580084454483 
7.905694150420948 0.7384600558928399 
7.7781745930520225 0.7540106951871658 
6.363961030678928 0.7930623198489216 
2.9154759474226504 0.891976927110645 
7.3824115301167 0.7967530958467515 
3.5355339059327378 0.9281057394278386 
3.8078865529319543 0.895820926892493 
4.527692569068709 0.913246367589352 
5.522680508593631 0.8986142781968076 
5.70087712549569 0.8002195389681669 
6.363961030678928 0.7930623198489216 
3.8078865529319543 0.895820926892493 
2.1213203435596424 0.9246772644830897 
3.5355339059327378 0.8781884435190005 
3.8078865529319543 0.8603691863462927 
2.9154759474226504 0.891976927110645 
5.70087712549569 0.8002195389681669 
12.349089035228468 0.6211844351915645 
6.519202405202649 0.7768147345612134 
6.96419413859206 0.7604007416322415 
13.509256086106296 0.601894331804055 
4.949747468305833 0.8343897230790089 
9.192388155425117 0.7170595513817063 
15.443445211480501 0.5486307837582625 
0.7071067811865476 0.9741017691045049 
2.9154759474226504 0.891976927110645 
4.301162633521313 0.8472881182373622 
5.1478150704935 0.8512057465366855 
3.8078865529319543 0.895820926892493 
2.5495097567963922 0.9431977307816596 
4.301162633521313 0.8645994832041344 
2.9154759474226504 0.9101401192955211 
3.8078865529319543 0.895820926892493 
2.9154759474226504 0.891976927110645 
2.9154759474226504 0.9101401192955211 
1.5811388300841898 0.95852784713929 
3.8078865529319543 0.895820926892493 
2.5495097567963922 0.9431977307816596 
5.522680508593631 0.8986142781968076 
3.5355339059327378 0.8736368357278864 
4.527692569068709 0.8423829787234043 
7.648529270389178 0.7438376027066216 
4.949747468305833 0.8343897230790089 
5.1478150704935 0.8173880922797945 
10.977249200050075 0.7101147028154328 
5.70087712549569 0.8051432573963511 
9.513148795220223 0.7005498821681069 
14.577379737113251 0.5715654673752069 
5.70087712549569 0.8678170836928386 
5.1478150704935 0.8512057465366855 
8.276472678623424 0.7845484221980413 
7.106335201775948 0.7811420108606221 
9.924716620639604 0.6920431452243239 
12.90348790056394 0.6125860373647984 
2.1213203435596424 0.9246772644830897 
0.7071067811865476 0.9741017691045049 
6.041522986797286 0.8380030565461029 
6.670832032063167 0.8541231285758334 
11.335784048754634 0.6582406471183013 
16.140012391568973 0.5289431307737944 
3.8078865529319543 0.895820926892493 
5.1478150704935 0.8512057465366855 
6.519202405202649 0.7768147345612134 
0.7071067811865476 0.9741017691045049 
5.70087712549569 0.8002195389681669 
11.067971810589327 0.6475387378611221 
6.670832032063167 0.8541231285758334 
7.516648189186454 0.8700114025085519 
8.631338250816034 0.8273288989431745 
3.5355339059327378 0.9281057394278386 
1.5811388300841898 0.95852784713929 
1.5811388300841898 0.95852784713929 
24.01041440708594 0.39229759975302925 
23.717082451262844 0.40312670140779344 
23.50531854708632 0.41383003735729773 
2.9154759474226504 0.891976927110645 
3.8078865529319543 0.8603691863462927 
5.1478150704935 0.8512057465366855 
1.5811388300841898 0.939437376814191 
1.5811388300841898 0.95852784713929 
1.5811388300841898 0.939437376814191 
3.8078865529319543 0.8603691863462927 
2.1213203435596424 0.9246772644830897 
10.700467279516348 0.6677452158639179 
5.70087712549569 0.8002195389681669 
6.96419413859206 0.7604007416322415 
15.890248582070704 0.5357984051760833 
3.5355339059327378 0.8736368357278864 
14.508618128546908 0.5789934354485777 
25.544079548889602 0.36038006183545734 
8.860022573334675 0.706878607247611 
9.617692030835672 0.6908801199737558 
16.507574019219177 0.5351014040561622 
2.9154759474226504 0.9101401192955211 
7.3824115301167 0.7493616058441348 
14.230249470757707 0.5710180266480884 
3.8078865529319543 0.8603691863462927 
5.1478150704935 0.8173880922797945 
6.519202405202649 0.7768147345612134 
6.96419413859206 0.8249873545776429 
11.510864433221338 0.815315466407272 
14.916433890176299 0.7035474833957631 
3.8078865529319543 0.895820926892493 
2.5495097567963922 0.9431977307816596 
5.70087712549569 0.8678170836928386 
3.5355339059327378 0.8781884435190005 
2.1213203435596424 0.9246772644830897 
4.527692569068709 0.8423829787234043 
2.5495097567963922 0.9431977307816596 
1.5811388300841898 0.95852784713929 
4.743416490252569 0.8817148221550015 
4.301162633521313 0.8645994832041344 
4.743416490252569 0.8817148221550015 
3.5355339059327378 0.9281057394278386 
7.905694150420948 0.7384600558928399 
9.300537618869138 0.7021544267966662 
12.020815280171307 0.6488437985558907 
7.648529270389178 0.7438376027066216 
14.508618128546908 0.5789934354485777 
19.81161275615895 0.45675755699711984 
10.124228365658293 0.6773593677359367 
9.924716620639604 0.6920431452243239 
12.98075498574717 0.6009466055317261 
7.905694150420948 0.769379148004054 
8.276472678623424 0.7227439121438803 
11.423659658795863 0.6386592787719139 
4.527692569068709 0.913246367589352 
5.70087712549569 0.8678170836928386 
6.519202405202649 0.8842042962086133 
4.301162633521313 0.8472881182373622 
2.9154759474226504 0.891976927110645 
4.527692569068709 0.913246367589352 
10.606601717798213 0.8012980529206191 
11.510864433221338 0.815315466407272 
14.577379737113251 0.7513996310799004 
7.648529270389178 0.8406285072951739 
10.606601717798213 0.8012980529206191 
11.76860229593982 0.7625793844650708 
5.70087712549569 0.8216702009492073 
6.041522986797286 0.8380030565461029 
10.124228365658293 0.720881427072403 
5.1478150704935 0.8512057465366855 
3.5355339059327378 0.9281057394278386 
2.5495097567963922 0.9431977307816596 
5.70087712549569 0.8216702009492073 
7.106335201775948 0.7811420108606221 
10.124228365658293 0.720881427072403 
12.747548783981962 0.6889804325437693 
13.285330255586423 0.7019403125884461 
14.577379737113251 0.6683621566632757 
7.905694150420948 0.769379148004054 
7.7781745930520225 0.7540106951871658 
5.1478150704935 0.8173880922797945 
0.7071067811865476 0.9741017691045049 
4.301162633521313 0.8645994832041344 
5.70087712549569 0.8216702009492073 
6.041522986797286 0.7884405670665212 
5.70087712549569 0.8051432573963511 
6.041522986797286 0.7884405670665212 
8.514693182963201 0.742826780021254 
4.743416490252569 0.8298001825742976 
6.519202405202649 0.7768147345612134 
1032.0031492200012 -1.0846568129807113 
1031.3498436515129 -1.0842655954410632 
1033.3143277822098 -1.0854534861138085 
11.335784048754634 0.6582406471183013 
12.747548783981962 0.6261530603046783 
14.577379737113251 0.569377990430622 
13.509256086106296 0.601894331804055 
14.577379737113251 0.5715654673752069 
24.13503677229434 0.37657382678367035 
17.564168070250297 0.5077308817384036 
30.53686296920494 0.2820695046549641 
39.50316443020736 0.1632455668995164 
21.50581316760657 0.4353534014056491 
22.54994456755936 0.412133072407045 
37.662979170532964 0.1828215495574254 
23.632604596192948 0.38993759149395174 
39.04484601070928 0.1656005685856432 
52.36888389110465 0.03024880546724791 
15.572411502397436 0.5496950433811528 
16.507574019219177 0.5351014040561622 
29.53811097548386 0.2970019411891581 
13.583077707206124 0.5940620305734735 
27.829840100151493 0.31784644605157425 
34.27097897638759 0.23485522623040592 
7.3824115301167 0.7493616058441348 
6.041522986797286 0.7884405670665212 
7.3824115301167 0.7493616058441348 
3.5355339059327378 0.8781884435190005 
1.5811388300841898 0.939437376814191 
5.522680508593631 0.8986142781968076 
6.041522986797286 0.8380030565461029 
4.743416490252569 0.8817148221550015 
7.648529270389178 0.8406285072951739 
2.5495097567963922 0.9059693608029583 
6.041522986797286 0.7884405670665212 
12.90348790056394 0.6125860373647984 
3.5355339059327378 0.8736368357278864 
2.9154759474226504 0.891976927110645 
1.5811388300841898 0.95852784713929 
0.7071067811865476 0.9741017691045049 
5.70087712549569 0.8002195389681669 
11.067971810589327 0.6475387378611221 
5.522680508593631 0.8986142781968076 
6.519202405202649 0.8842042962086133 
3.8078865529319543 0.8603691863462927 
5.70087712549569 0.8216702009492073 
11.597413504743201 0.7885587759013847 
16.80773631397161 0.5946256519048881 
2.1213203435596424 0.9246772644830897 
0.7071067811865476 0.9741017691045049 
2.9154759474226504 0.891976927110645 
3.8078865529319543 0.8603691863462927 
5.522680508593631 0.8986142781968076 
15.182226450688976 0.6805887650218924 
7.3824115301167 0.7967530958467515 
6.041522986797286 0.8380030565461029 
10.793516572461451 0.7747171667486473 
2.9154759474226504 0.9101401192955211 
2.9154759474226504 0.9101401192955211 
11.510864433221338 0.6859287872651942 
4.527692569068709 0.913246367589352 
3.5355339059327378 0.9281057394278386 
8.514693182963201 0.8560307280770946 
3.5355339059327378 0.8736368357278864 
4.743416490252569 0.8298001825742976 
7.648529270389178 0.7438376027066216 
11.067971810589327 0.6475387378611221 
9.82344135219425 0.6813197054894529 
15.572411502397436 0.5790855775683482 
5.522680508593631 0.8121546961325967 
6.519202405202649 0.7829023225168835 
7.516648189186454 0.7545793483546767 
11.76860229593982 0.6324314541670437 
11.067971810589327 0.6475387378611221 
13.729530217745982 0.5863059471817569 
11.067971810589327 0.6475387378611221 
14.300349646075091 0.5825949644705676 
16.98528775146303 0.5390302857955354 
8.631338250816034 0.7169506043589987 
7.905694150420948 0.7332265812650121 
10.124228365658293 0.6773593677359367 
12.747548783981962 0.6071269487750557 
12.349089035228468 0.6211844351915645 
9.300537618869138 0.7021544267966662 
6.041522986797286 0.7884405670665212 
5.70087712549569 0.8051432573963511 
4.743416490252569 0.8817148221550015 
7.905694150420948 0.8121546961325967 
8.514693182963201 0.8560307280770946 
13.435028842544403 0.6173086692765144 
3.8078865529319543 0.895820926892493 
3.5355339059327378 0.8781884435190005 
13.729530217745982 0.5906886517943744 
4.743416490252569 0.8298001825742976 
14.230249470757707 0.5710180266480884 
27.064737205448715 0.3357356171483575 
10.124228365658293 0.760629818796968 
10.793516572461451 0.7747171667486473 
14.230249470757707 0.6911971500890597 
2.9154759474226504 0.9101401192955211 
7.648529270389178 0.7438376027066216 
15.182226450688976 0.5496950433811528 
8.514693182963201 0.742826780021254 
8.74642784226795 0.7577706323687031 
10.606601717798213 0.8012980529206191 
12.103718436910205 0.6350947158524427 
7.905694150420948 0.7384600558928399 
2.1213203435596424 0.9246772644830897 
6.519202405202649 0.7829023225168835 
5.70087712549569 0.8002195389681669 
4.527692569068709 0.8423829787234043 
10.700467279516348 0.6677452158639179 
12.103718436910205 0.6350947158524427 
15.116216457830975 0.612297792474752 
11.067971810589327 0.6475387378611221 
10.51189802081432 0.6625195834485301 
11.067971810589327 0.6475387378611221 
10.606601717798213 0.6655895115871111 
9.82344135219425 0.6813197054894529 
8.514693182963201 0.7276935355147646 
9.617692030835672 0.6870850088843169 
9.300537618869138 0.7021544267966662 
6.519202405202649 0.7829023225168835 
9.924716620639604 0.6920431452243239 
11.510864433221338 0.6859287872651942 
10.606601717798213 0.8012980529206191 
8.514693182963201 0.7271421732886548 
7.648529270389178 0.7438376027066216 
5.1478150704935 0.8173880922797945 
10.124228365658293 0.6718667943529703 
6.96419413859206 0.7604007416322415 
2.1213203435596424 0.9246772644830897 
