9.433981132056603 0.7359393697646589 
15.231546211727817 0.6088724584103512 
15.811388300841896 0.5986775645146478 
9.486832980505138 0.7350742549586365 
10.44030650891055 0.7137231738531207 
13.92838827718412 0.6356290519590341 
14.422205101855956 0.6287425149700598 
17.72004514666935 0.5633587786259542 
19.4164878389476 0.5361807271443699 
7.280109889280518 0.7905780703558939 
9.055385138137417 0.7557236510337871 
8.94427190999916 0.7463884430176565 
7.0710678118654755 0.8022569624184698 
5.656854249492381 0.8378378378378378 
13.152946437965905 0.6613857606413438 
20.615528128088304 0.5100624566273422 
19.6468827043885 0.5295668218961427 
10.63014581273465 0.725614591593973 
6.4031242374328485 0.8140892038349312 
9.899494936611665 0.7361124962600978 
9.433981132056603 0.7359393697646589 
18.973665961010276 0.5394411036434382 
19.697715603592208 0.5259467040673211 
20.12461179749811 0.5192878338278932 
17.46424919657298 0.5660309463835912 
23.259406699226016 0.46754341595009274 
23.706539182259394 0.46175161642455287 
39.56008088970496 0.25472106097736774 
38.27531841800928 0.2680652680652681 
40.496913462633174 0.24449528167000287 
11.661903789690601 0.7249306381292112 
9.433981132056603 0.7359393697646589 
8.246211251235321 0.7676685621445979 
9.848857801796104 0.7249306381292112 
8.94427190999916 0.7463884430176565 
10.0 0.7463884430176565 
7.615773105863909 0.7794132679137279 
7.810249675906654 0.7905780703558939 
8.06225774829855 0.7683868346200732 
3.1622776601683795 0.9018900906806512 
3.1622776601683795 0.9018900906806512 
4.47213595499958 0.863013698630137 
7.280109889280518 0.7905780703558939 
6.0 0.9104477611940298 
5.830951894845301 0.8493572718580686 
11.045361017187261 0.7118694070213394 
11.045361017187261 0.7118694070213394 
10.198039027185569 0.7235643564356435 
11.180339887498949 0.6943741483356044 
11.045361017187261 0.7118694070213394 
9.055385138137417 0.8450450450450451 
2.8284271247461903 0.9146502419709635 
4.242640687119285 0.8752558440159431 
6.4031242374328485 0.825503355704698 
14.0 0.6585365853658537 
12.165525060596439 0.6816074188562596 
12.206555615733702 0.6754571703561116 
4.123105625617661 0.8758620689655172 
5.385164807134504 0.8382259767687434 
2.8284271247461903 0.9146502419709635 
5.385164807134504 0.8382259767687434 
2.0 0.9428571428571428 
2.8284271247461903 0.9146502419709635 
9.899494936611665 0.7361124962600978 
10.0 0.7463884430176565 
11.0 0.7215189873417721 
6.324555320336759 0.8606241983753741 
5.385164807134504 0.8738428417653391 
10.63014581273465 0.7154119038234135 
5.0 0.8622165169020112 
5.0 0.8622165169020112 
1.4142135623730951 0.956174851106866 
11.045361017187261 0.7118694070213394 
28.792360097775937 0.384884645982498 
11.045361017187261 0.7118694070213394 
11.045361017187261 0.7118694070213394 
10.04987562112089 0.7335192192790281 
12.806248474865697 0.6855151045701007 
6.324555320336759 0.8606241983753741 
6.324555320336759 0.8606241983753741 
12.529964086141668 0.7143982666929289 
6.708203932499369 0.8024435700973286 
7.211102550927978 0.8133333333333334 
2.8284271247461903 0.9146502419709635 
8.246211251235321 0.8347386172006745 
5.385164807134504 0.8738428417653391 
3.1622776601683795 0.9271559836156316 
1.4142135623730951 0.956174851106866 
1.0 0.9710144927536232 
4.0 0.9393939393939394 
11.045361017187261 0.7118694070213394 
10.44030650891055 0.7137231738531207 
13.601470508735444 0.6441254250094447 
3.1622776601683795 0.9018900906806512 
1.0 0.9710144927536232 
5.0 0.8503401360544217 
3.1622776601683795 0.9271559836156316 
3.0 0.9541984732824428 
5.385164807134504 0.8738428417653391 
10.198039027185569 0.7235643564356435 
10.44030650891055 0.7137231738531207 
7.211102550927978 0.7909465020576132 
6.082762530298219 0.8258863016572268 
13.0 0.6547528517110266 
13.152946437965905 0.6613857606413438 
10.198039027185569 0.8095634095634096 
10.04987562112089 0.8320353609766366 
6.708203932499369 0.8366744038826757 
5.656854249492381 0.8378378378378378 
3.605551275463989 0.900851714348111 
9.055385138137417 0.8450450450450451 
14.866068747318506 0.6388627377141781 
15.556349186104045 0.621007542601732 
14.7648230602334 0.6749735398826133 
9.219544457292887 0.7467389123018262 
10.295630140987 0.7149049354743375 
5.830951894845301 0.8493572718580686 
25.495097567963924 0.4544239284819116 
26.1725046566048 0.4484939257779997 
31.11269837220809 0.3890839451005426 
14.317821063276353 0.6272200411291831 
9.486832980505138 0.7350742549586365 
10.770329614269007 0.7039937353171496 
8.54400374531753 0.7569640694388373 
8.54400374531753 0.7569640694388373 
9.433981132056603 0.7359393697646589 
8.246211251235321 0.7676685621445979 
5.0990195135927845 0.8505368342723504 
4.47213595499958 0.863013698630137 
13.601470508735444 0.6441254250094447 
14.317821063276353 0.633327078251079 
21.840329667841555 0.49117697447318825 
8.602325267042627 0.7574962140333165 
14.035668847618199 0.6500473933649289 
22.135943621178654 0.4851975087449876 
3.0 0.9154929577464789 
19.235384061671343 0.6030942075697578 
14.142135623730951 0.6416446623915504 
5.0 0.8503401360544217 
7.0 0.8962962962962963 
8.602325267042627 0.7574962140333165 
4.47213595499958 0.8872506504770165 
4.47213595499958 0.8872506504770165 
8.246211251235321 0.7676685621445979 
3.0 0.9154929577464789 
20.09975124224178 0.6933852140077821 
21.213203435596427 0.6653592270161676 
3.605551275463989 0.900851714348111 
1.4142135623730951 0.956174851106866 
8.06225774829855 0.8582408198121264 
5.0 0.8503401360544217 
4.47213595499958 0.863013698630137 
1.4142135623730951 0.956174851106866 
6.082762530298219 0.8258863016572268 
6.0 0.8378378378378378 
6.4031242374328485 0.825503355704698 
5.385164807134504 0.8382259767687434 
8.06225774829855 0.8582408198121264 
8.94427190999916 0.7894736842105263 
6.708203932499369 0.8024435700973286 
5.656854249492381 0.8378378378378378 
11.704699910719626 0.683558994197292 
12.649110640673518 0.6636085626911316 
16.0312195418814 0.6112550907071455 
28.0178514522438 0.41207008436080467 
20.09975124224178 0.532394366197183 
16.278820596099706 0.5958929226255959 
20.396078054371138 0.5195530726256983 
13.601470508735444 0.6441254250094447 
19.1049731745428 0.5495816272031333 
3.605551275463989 0.900851714348111 
1.4142135623730951 0.956174851106866 
4.47213595499958 0.8872506504770165 
6.324555320336759 0.8606241983753741 
7.211102550927978 0.8133333333333334 
10.63014581273465 0.725614591593973 
21.02379604162864 0.5858613464516716 
9.219544457292887 0.8220640569395018 
11.704699910719626 0.7548387096774194 
13.0 0.8156028368794326 
8.06225774829855 0.8013245033112583 
13.416407864998739 0.7039937353171496 
16.64331697709324 0.6296573675341697 
14.866068747318506 0.6388627377141781 
12.806248474865697 0.666156202143951 
13.038404810405298 0.6561697269527162 
3.605551275463989 0.900851714348111 
7.0710678118654755 0.8022569624184698 
8.602325267042627 0.7790495656617271 
5.385164807134504 0.8738428417653391 
5.0 0.924812030075188 
7.211102550927978 0.8133333333333334 
6.708203932499369 0.8366744038826757 
6.082762530298219 0.8852068442711718 
8.06225774829855 0.8582408198121264 
3.0 0.9154929577464789 
1.0 0.9710144927536232 
2.8284271247461903 0.9146502419709635 
3.605551275463989 0.8884790627034064 
10.44030650891055 0.7876360649003902 
11.704699910719626 0.7548387096774194 
5.385164807134504 0.8382259767687434 
5.0990195135927845 0.8505368342723504 
3.0 0.9154929577464789 
13.601470508735444 0.6757797458606084 
5.385164807134504 0.8738428417653391 
12.165525060596439 0.7850697292863003 
13.601470508735444 0.6757797458606084 
5.385164807134504 0.8738428417653391 
12.165525060596439 0.7850697292863003 
38.118237105091836 0.5061429313029936 
42.579337712087536 0.4313435290248314 
44.598206241955516 0.35470817120622566 
15.811388300841896 0.6025039123630673 
15.264337522473747 0.6106587712805329 
25.317977802344327 0.44153693275919176 
22.360679774997898 0.48735475051264526 
33.37663853655727 0.3285507135770434 
48.507731342539614 0.16146250333600212 
28.460498941515414 0.3894165535956581 
28.460498941515414 0.3894165535956581 
12.083045973594572 0.7343827837003088 
20.591260281974 0.5785273848385927 
14.422205101855956 0.666156202143951 
24.08318915758459 0.4672960215778827 
17.204650534085253 0.6124490552056318 
26.248809496813376 0.46285714285714286 
17.11724276862369 0.7266415393771077 
21.2602916254693 0.5163763066202091 
26.40075756488817 0.4199021207177814 
16.76305461424021 0.5808209226298583 
29.068883707497267 0.38400381618699314 
29.068883707497267 0.38400381618699314 
25.632011235952593 0.4301675977653631 
32.57299494980466 0.33476460665542096 
35.84689665786984 0.30514319988004196 
31.016124838541646 0.36973798095837596 
26.076809620810597 0.4367778144602179 
36.76955262170047 0.32642487046632124 
31.25699921617557 0.3578783151326053 
30.01666203960727 0.3835638213320617 
36.0 0.3076923076923077 
41.048751503547585 0.24289590175639011 
17.029386365926403 0.5925349922239502 
18.0 0.5813953488372093 
17.46424919657298 0.5705521472392638 
16.1245154965971 0.6035372144436256 
23.08679276123039 0.4830465155903902 
29.068883707497267 0.3933087882183448 
20.248456731316587 0.516508406655632 
17.46424919657298 0.5660309463835912 
24.020824298928627 0.4727580372250423 
19.4164878389476 0.5361807271443699 
23.40939982143925 0.46433378196500674 
31.38470965295043 0.35113318845079167 
19.0 0.5632183908045977 
22.0 0.5111111111111111 
24.73863375370596 0.44584717607973423 
17.029386365926403 0.5925349922239502 
18.973665961010276 0.5394411036434382 
25.553864678361276 0.4365406832810695 
16.55294535724685 0.5832651205093224 
13.038404810405298 0.6561697269527162 
24.041630560342615 0.48191027496382055 
15.132745950421556 0.6223671947809879 
20.223748416156685 0.5259467040673211 
31.304951684997057 0.3549190535491905 
22.847319317591726 0.47338129496402875 
23.769728648009426 0.4586894586894587 
26.419689627245813 0.4230360500286111 
17.46424919657298 0.5660309463835912 
16.492422502470642 0.5883211678832116 
14.035668847618199 0.6500473933649289 
26.30589287593181 0.42688524590163934 
26.476404589747453 0.42198987093612156 
14.212670403551895 0.6571156592099 
13.152946437965905 0.6613857606413438 
16.278820596099706 0.5958929226255959 
15.033296378372908 0.6304205301114545 
8.06225774829855 0.7683868346200732 
9.219544457292887 0.7467389123018262 
3.1622776601683795 0.9018900906806512 
11.704699910719626 0.683558994197292 
12.041594578792296 0.6855151045701007 
15.264337522473747 0.6566425580510088 
10.04987562112089 0.7335192192790281 
10.198039027185569 0.7235643564356435 
9.486832980505138 0.7350742549586365 
7.810249675906654 0.7795951748108771 
8.48528137423857 0.7683868346200732 
8.48528137423857 0.7683868346200732 
10.44030650891055 0.7137231738531207 
10.770329614269007 0.7039937353171496 
13.601470508735444 0.6441254250094447 
12.529964086141668 0.6651999234742683 
19.235384061671343 0.5352323838080959 
26.570660511172846 0.41632088520055327 
22.090722034374522 0.49913882190837067 
22.090722034374522 0.49913882190837067 
32.55764119219941 0.33743085433312847 
24.331050121192877 0.4564926372155288 
31.400636936215164 0.3539705996733297 
43.174066289845804 0.21394700139470013 
18.601075237738275 0.5533148924779155 
18.601075237738275 0.5533148924779155 
26.627053911388696 0.4257166257166257 
14.317821063276353 0.633327078251079 
22.20360331117452 0.49322353748498887 
28.284271247461902 0.39845758354755784 
10.816653826391969 0.7049951028403526 
10.816653826391969 0.7049951028403526 
17.69180601295413 0.5785273848385927 
9.219544457292887 0.7573187966888755 
11.661903789690601 0.6848625629113434 
14.866068747318506 0.6169422255248003 
10.295630140987 0.7149049354743375 
10.770329614269007 0.7039937353171496 
14.560219778561036 0.6250933532486931 
12.041594578792296 0.6855151045701007 
13.45362404707371 0.6664752058204098 
15.231546211727817 0.683558994197292 
7.211102550927978 0.8133333333333334 
8.06225774829855 0.8013245033112583 
6.4031242374328485 0.825503355704698 
5.656854249492381 0.8378378378378378 
7.0710678118654755 0.8022569624184698 
10.63014581273465 0.7154119038234135 
9.219544457292887 0.7573187966888755 
9.219544457292887 0.7573187966888755 
9.219544457292887 0.7453378784840585 
7.211102550927978 0.7909465020576132 
10.63014581273465 0.7154119038234135 
14.422205101855956 0.6287425149700598 
9.433981132056603 0.7359393697646589 
8.94427190999916 0.7463884430176565 
13.0 0.6547528517110266 
7.810249675906654 0.7795951748108771 
10.0 0.725614591593973 
12.165525060596439 0.6816074188562596 
