2.8284271247461903 0.9106590004422822 
2.8284271247461903 0.9106590004422822 
2.8284271247461903 0.9106590004422822 
5.0990195135927845 0.8353690918746681 
5.0990195135927845 0.8353690918746681 
5.0990195135927845 0.8353690918746681 
13.152946437965905 0.6292664529511597 
13.152946437965905 0.6292664529511597 
13.152946437965905 0.6292664529511597 
25.179356624028344 0.3997569866342649 
25.179356624028344 0.3997569866342649 
25.179356624028344 0.3997569866342649 
25.019992006393608 0.4077393075356415 
25.019992006393608 0.4077393075356415 
25.019992006393608 0.4077393075356415 
23.345235059857504 0.428099173553719 
23.345235059857504 0.428099173553719 
23.345235059857504 0.428099173553719 
24.186773244895647 0.415929203539823 
24.186773244895647 0.415929203539823 
24.186773244895647 0.415929203539823 
17.4928556845359 0.5421686746987951 
17.4928556845359 0.5421686746987951 
17.4928556845359 0.5421686746987951 
17.88854381999832 0.6265060240963856 
17.88854381999832 0.6265060240963856 
17.88854381999832 0.6265060240963856 
24.331050121192877 0.4117647058823529 
24.331050121192877 0.4117647058823529 
24.331050121192877 0.4117647058823529 
8.06225774829855 0.7985012489592007 
8.06225774829855 0.7985012489592007 
8.06225774829855 0.7985012489592007 
8.06225774829855 0.7985012489592007 
8.06225774829855 0.7985012489592007 
8.06225774829855 0.7985012489592007 
3.0 0.9591836734693877 
6.082762530298219 0.8910045961917269 
4.47213595499958 0.8524871355060034 
6.0 0.92 
6.0 0.92 
8.602325267042627 0.7732170343766034 
3.1622776601683795 0.9283562102443924 
2.8284271247461903 0.9106590004422822 
4.0 0.9459459459459459 
15.811388300841896 0.5802469135802469 
15.811388300841896 0.5802469135802469 
15.811388300841896 0.5802469135802469 
12.165525060596439 0.6513761467889908 
12.0 0.6666666666666666 
10.198039027185569 0.6974459724950884 
7.810249675906654 0.7679558011049724 
7.810249675906654 0.7679558011049724 
10.198039027185569 0.8174169120740429 
7.810249675906654 0.7679558011049724 
5.0 0.8414322250639387 
4.0 0.875 
6.4031242374328485 0.8197135636057288 
6.4031242374328485 0.8197135636057288 
5.830951894845301 0.8467457518435396 
7.0710678118654755 0.7934613388687078 
2.8284271247461903 0.9106590004422822 
2.23606797749979 0.922991319830848 
4.123105625617661 0.9157427937915743 
4.123105625617661 0.9157427937915743 
4.123105625617661 0.9157427937915743 
18.027756377319946 0.5327301756253326 
18.027756377319946 0.5327301756253326 
18.027756377319946 0.5327301756253326 
28.231188426986208 0.35444427026179653 
28.231188426986208 0.35444427026179653 
27.730849247724095 0.36492890995260663 
34.92849839314596 0.2668621700879765 
34.0147027033899 0.27905255366395265 
34.0147027033899 0.27905255366395265 
37.69615364994153 0.2316464718460442 
37.69615364994153 0.2316464718460442 
39.56008088970496 0.2092372288313506 
49.040799340956916 0.10840282232200128 
52.88667128870941 0.07262569832402235 
56.753854494650845 0.039085989176187615 
55.78530272392541 0.04727272727272727 
55.78530272392541 0.04727272727272727 
56.753854494650845 0.039085989176187615 
61.98386886924694 0.00728650539201399 
65.80273550544841 -0.021240441801189464 
61.40032573203501 0.007403952661342039 
63.60031446463138 -0.007238883143743537 
63.60031446463138 -0.007238883143743537 
63.324560795950255 -0.0072959154363187225 
73.37574531137656 -0.06594594594594595 
73.37574531137656 -0.06594594594594595 
78.44743462982075 -0.09505106048703849 
88.84255736976509 -0.16449086161879894 
88.84255736976509 -0.16449086161879894 
88.84255736976509 -0.16449086161879894 
98.48857801796105 -0.2026578073089701 
96.1041102138717 -0.1961295124674358 
92.76313923105448 -0.18436703483432457 
109.38464243210744 -0.2374900714853058 
109.38464243210744 -0.2374900714853058 
110.11357772772621 -0.24296854464207482 
116.66190466471906 -0.26074866310160427 
119.33147112141039 -0.2732166890982503 
114.97825881443848 -0.2620430474888965 
133.4053971921676 -0.30518697225572977 
133.4053971921676 -0.30518697225572977 
132.1854757528224 -0.30401159980666986 
145.27904184706065 -0.33815925542916236 
142.61837188805654 -0.3277310924369748 
143.13629868066312 -0.3236261155472053 
154.80633061990713 -0.34441156385158206 
154.80633061990713 -0.34441156385158206 
158.24032355881985 -0.3474320241691843 
162.0154313638056 -0.3686056708564747 
167.6007159889241 -0.3849439402028831 
168.80758276807353 -0.38496583143507973 
193.78596440403004 -0.41810344827586204 
193.78596440403004 -0.41810344827586204 
198.40614909825754 -0.42996635218051066 
181.6645259812713 -0.43762814462850264 
181.49655644116226 -0.4397977047267069 
181.1767093199344 -0.4440869900913653 
178.53851125177448 -0.43351691581431945 
178.53851125177448 -0.43351691581431945 
180.34688796871433 -0.439870340356564 
177.72450590731714 -0.4292320396366639 
177.72450590731714 -0.4292320396366639 
177.72450590731714 -0.4292320396366639 
191.65855055279948 -0.42845802738638616 
191.65855055279948 -0.42845802738638616 
191.65855055279948 -0.42845802738638616 
215.37873618349607 -0.4825107810253953 
215.37873618349607 -0.4825107810253953 
215.37873618349607 -0.4825107810253953 
240.7072911234722 -0.5266272189349113 
240.7072911234722 -0.5266272189349113 
240.7072911234722 -0.5266272189349113 
262.21365334398587 -0.560081466395112 
262.21365334398587 -0.560081466395112 
262.21365334398587 -0.560081466395112 
276.85555800814257 -0.5822050290135397 
276.85555800814257 -0.5822050290135397 
276.85555800814257 -0.5822050290135397 
289.1712295509358 -0.6089082020640956 
289.1712295509358 -0.6089082020640956 
289.1712295509358 -0.6089082020640956 
294.0833215264001 -0.6497628602699744 
294.0833215264001 -0.6497628602699744 
294.0833215264001 -0.6497628602699744 
293.33428030150174 -0.6367458482236704 
293.33428030150174 -0.6367458482236704 
293.33428030150174 -0.6367458482236704 
299.5413160150032 -0.6353968856817319 
299.5413160150032 -0.6353968856817319 
299.5413160150032 -0.6353968856817319 
303.1171390733292 -0.6230037525089449 
303.1171390733292 -0.6230037525089449 
303.1171390733292 -0.6230037525089449 
308.09901006007794 -0.6277947701718865 
308.09901006007794 -0.6277947701718865 
308.09901006007794 -0.6277947701718865 
305.25071662487545 -0.6007485963817841 
305.25071662487545 -0.6007485963817841 
305.25071662487545 -0.6007485963817841 
287.52217305800957 -0.5798687089715536 
287.52217305800957 -0.5798687089715536 
287.52217305800957 -0.5798687089715536 
276.90431560378397 -0.5629299878591664 
276.90431560378397 -0.5629299878591664 
276.90431560378397 -0.5629299878591664 
266.58019431308094 -0.5581466707579011 
266.58019431308094 -0.5581466707579011 
266.58019431308094 -0.5581466707579011 
270.667692937299 -0.5796234126404904 
270.667692937299 -0.5796234126404904 
270.667692937299 -0.5796234126404904 
271.773803005367 -0.5786393562545721 
271.773803005367 -0.5786393562545721 
271.773803005367 -0.5786393562545721 
268.8215021161812 -0.5968645016797313 
268.8215021161812 -0.5968645016797313 
268.8215021161812 -0.5968645016797313 
264.42579299304373 -0.6036333608587944 
264.42579299304373 -0.6036333608587944 
264.42579299304373 -0.6036333608587944 
255.1960031034969 -0.6019350380096752 
255.1960031034969 -0.6019350380096752 
255.1960031034969 -0.6019350380096752 
249.33912649241395 -0.5889531149646756 
249.33912649241395 -0.5889531149646756 
249.33912649241395 -0.5889531149646756 
250.1619475459847 -0.5974842767295597 
250.1619475459847 -0.5974842767295597 
250.1619475459847 -0.5974842767295597 
252.01785651020842 -0.6103896103896104 
252.01785651020842 -0.6103896103896104 
252.01785651020842 -0.6103896103896104 
257.00194551792794 -0.6198103452069261 
257.00194551792794 -0.6198103452069261 
257.00194551792794 -0.6198103452069261 
258.15692901799093 -0.6073619631901841 
258.15692901799093 -0.6073619631901841 
258.15692901799093 -0.6073619631901841 
259.19297829995315 -0.6067901515496291 
259.19297829995315 -0.6067901515496291 
259.19297829995315 -0.6067901515496291 
259.19297829995315 -0.6067901515496291 
259.19297829995315 -0.6067901515496291 
259.19297829995315 -0.6067901515496291 
260.27677575995904 -0.6043956043956044 
260.27677575995904 -0.6043956043956044 
260.27677575995904 -0.6043956043956044 
268.8215021161812 -0.5968645016797313 
268.8215021161812 -0.5968645016797313 
268.8215021161812 -0.5968645016797313 
282.49247777595775 -0.5952687668345239 
282.49247777595775 -0.5952687668345239 
282.49247777595775 -0.5952687668345239 
313.53628179207584 -0.6223446105428796 
313.53628179207584 -0.6223446105428796 
313.53628179207584 -0.6223446105428796 
343.57677453518306 -0.6238735797309651 
343.57677453518306 -0.6238735797309651 
343.57677453518306 -0.6238735797309651 
393.8591118661596 -0.6295819935691318 
393.8591118661596 -0.6295819935691318 
393.8591118661596 -0.6295819935691318 
422.7256793713862 -0.6464233098706826 
422.7256793713862 -0.6464233098706826 
422.7256793713862 -0.6464233098706826 
454.5789260403522 -0.6216914420824485 
454.5789260403522 -0.6216914420824485 
454.5789260403522 -0.6216914420824485 
458.34484834019895 -0.6067006554989075 
458.34484834019895 -0.6067006554989075 
458.34484834019895 -0.6067006554989075 
454.27964955520514 -0.5852235904082955 
454.27964955520514 -0.5852235904082955 
454.27964955520514 -0.5852235904082955 
449.4997219131509 -0.5568889914608816 
449.4997219131509 -0.5568889914608816 
456.0712663608616 -0.590288315629742 
445.3818586336898 -0.5585755888213355 
445.3818586336898 -0.5585755888213355 
448.5186729669123 -0.5562403697996918 
444.99101114516907 -0.5447839831401475 
444.99101114516907 -0.5447839831401475 
447.93079822669034 -0.5467540983606557 
436.381713640707 -0.5342066957787481 
436.381713640707 -0.5342066957787481 
439.11388044560834 -0.5407919213393569 
427.9369112380936 -0.5421667593990939 
434.3972836010833 -0.5554869578638679 
431.4811699251776 -0.5741324921135647 
425.07528744917647 -0.5165081141578064 
425.07528744917647 -0.5165081141578064 
435.4032613566417 -0.5335276967930029 
436.1765697512878 -0.5387695182170026 
443.4196657794961 -0.5572636433512682 
442.11536955867075 -0.5851638458768456 
434.01497670011344 -0.5418875927889714 
434.01497670011344 -0.5418875927889714 
434.80225390400176 -0.5683668881450766 
430.72264858026676 -0.5254442094856233 
432.6337943341921 -0.5499062304646801 
426.1983106489278 -0.5782691462878898 
427.16273245684715 -0.5370767252464638 
427.16273245684715 -0.5370767252464638 
428.3176391417939 -0.5555555555555556 
429.7452733887832 -0.5247524752475248 
431.077719210817 -0.5398380911802301 
430.4753186885399 -0.5527718826026192 
428.3479893731264 -0.5758988832985642 
428.3479893731264 -0.5758988832985642 
424.4997055358225 -0.5918752952290978 
431.2597824977423 -0.5576036866359447 
429.7033860699727 -0.568926807364167 
427.9836445473121 -0.5832830925796416 
428.1646879414509 -0.5796234126404904 
428.1646879414509 -0.5796234126404904 
432.90299144265566 -0.5866226496339888 
443.22116375462036 -0.60430501488436 
444.7043962004423 -0.6155472000355975 
445.0719043031137 -0.6287064890416846 
452.59805567412684 -0.5994622409716749 
452.59805567412684 -0.5994622409716749 
453.90858110416906 -0.6145266351387526 
452.142676596669 -0.6299151888974557 
454.5283269500373 -0.6435643564356436 
465.8433213001985 -0.6411736611499885 
467.8632278775497 -0.662605435801312 
467.8632278775497 -0.662605435801312 
474.68094547811796 -0.6690606147658719 
474.43650787012587 -0.6741897166129306 
477.5206801804504 -0.6952649678158892 
482.7442387020274 -0.7150536747852184 
472.5124336988393 -0.7441667653677603 
472.5124336988393 -0.7441667653677603 
483.20285595182486 -0.7608966376089664 
465.5201391991543 -0.7408906882591093 
465.5201391991543 -0.7408906882591093 
465.5201391991543 -0.7408906882591093 
432.7585932133526 -0.6301369863013698 
432.7585932133526 -0.6301369863013698 
437.9794515727878 -0.6686798964624676 
421.8068278252499 -0.6862745098039216 
421.8068278252499 -0.6862745098039216 
421.8068278252499 -0.6862745098039216 
397.0201506221063 -0.6684574059861857 
397.0201506221063 -0.6684574059861857 
397.0201506221063 -0.6684574059861857 
385.50226977282506 -0.673469387755102 
385.50226977282506 -0.673469387755102 
385.50226977282506 -0.673469387755102 
377.71947262485685 -0.6638655462184874 
377.71947262485685 -0.6638655462184874 
377.71947262485685 -0.6638655462184874 
371.0552519504339 -0.6524886877828054 
371.0552519504339 -0.6524886877828054 
371.0552519504339 -0.6524886877828054 
369.3033983055125 -0.6682282466784425 
369.3033983055125 -0.6682282466784425 
369.3033983055125 -0.6682282466784425 
351.10397320451955 -0.5305240850925096 
356.0505582076793 -0.49825783972125437 
360.6688231605277 -0.4698898671656901 
363.6289317422364 -0.45210691524778845 
363.6289317422364 -0.45210691524778845 
368.12633700945656 -0.4224984960898336 
366.6565150109841 -0.39021808172771544 
371.5979009628553 -0.34530575130711527 
376.9456194200962 -0.30957327792871986 
379.2255265669757 -0.1198044009779951 
379.2255265669757 -0.1198044009779951 
385.18696758846863 -0.10835913312693499 
383.31840550644057 -0.10771455127543117 
389.2813892289227 -0.09547738693467336 
395.0215184012132 -0.050914483440435 
