18.788294228055936 0.6202343314115678 
17.46424919657298 0.6468809073724008 
9.848857801796104 0.7783221065523577 
20.248456731316587 0.5698711595639246 
20.248456731316587 0.5698711595639246 
16.97056274847714 0.5921052631578947 
16.55294535724685 0.6561163387510693 
19.849433241279208 0.5525260625501203 
22.47220505424423 0.4786150712830957 
12.727922061357855 0.6732929991356957 
12.727922061357855 0.6732929991356957 
7.211102550927978 0.7881773399014779 
6.708203932499369 0.8368121442125237 
9.0 0.8723404255319149 
12.529964086141668 0.7142857142857143 
30.805843601498726 0.527617043661231 
31.575306807693888 0.5332629355860612 
31.32091952673165 0.5007751937984496 
20.808652046684813 0.5093555093555093 
22.20360331117452 0.48770491803278687 
11.045361017187261 0.7050592034445641 
17.0 0.7718120805369127 
17.0 0.7718120805369127 
11.180339887498949 0.7455419755560008 
41.86884283091664 0.2883762200532387 
40.607881008493905 0.3077154007805464 
42.95346318982906 0.20398009950248755 
54.08326913195984 0.09750566893424037 
54.08326913195984 0.09750566893424037 
43.18564576337837 0.26960069950451765 
34.0147027033899 0.431482090042721 
20.248456731316587 0.6197824672306406 
19.313207915827967 0.6287156477846326 
17.08800749063506 0.6651376146788991 
17.08800749063506 0.6651376146788991 
14.866068747318506 0.7038920398982984 
19.697715603592208 0.611542730299667 
4.47213595499958 0.8873483535528596 
8.602325267042627 0.7545060920350418 
25.019992006393608 0.6643423440634254 
25.019992006393608 0.6643423440634254 
25.96150997149434 0.5681756817568175 
21.213203435596427 0.6704055220017257 
18.439088914585774 0.6825028968713789 
22.090722034374522 0.6779661016949152 
26.40075756488817 0.5172413793103449 
26.40075756488817 0.5172413793103449 
26.0 0.5316455696202531 
18.35755975068582 0.611542730299667 
19.235384061671343 0.6030913607507591 
5.0 0.8615384615384616 
5.0990195135927845 0.9003162831279311 
6.082762530298219 0.8869395711500975 
12.0 0.8333333333333334 
22.561028345356956 0.6262833675564682 
35.22782990761707 0.3734825792211887 
16.0312195418814 0.7628490489680292 
23.021728866442675 0.6852693684108715 
23.021728866442675 0.6852693684108715 
20.024984394500787 0.7176656151419558 
5.385164807134504 0.8743545611015491 
14.142135623730951 0.7649918962722853 
18.35755975068582 0.611542730299667 
8.06225774829855 0.773254630571952 
8.06225774829855 0.773254630571952 
16.76305461424021 0.5734152067906809 
6.0 0.8333333333333334 
21.095023109728988 0.5621301775147929 
22.02271554554524 0.4966500601271259 
20.09975124224178 0.6989079563182528 
21.095023109728988 0.6883720930232559 
22.20360331117452 0.660377358490566 
25.495097567963924 0.598972194181885 
22.360679774997898 0.6431535269709544 
22.20360331117452 0.660377358490566 
26.248809496813376 0.5532180424318061 
26.248809496813376 0.5532180424318061 
30.4138126514911 0.4563691073219659 
4.47213595499958 0.8607432721059376 
54.56189146281496 0.2501076194575979 
25.079872407968907 0.6475037821482602 
22.80350850198276 0.6097560975609756 
21.840329667841555 0.6187290969899666 
18.027756377319946 0.6556442417331813 
22.090722034374522 0.6779661016949152 
20.223748416156685 0.6805555555555556 
24.331050121192877 0.6241610738255033 
20.09975124224178 0.6989079563182528 
19.1049731745428 0.7095761381475667 
14.560219778561036 0.7237831420656905 
33.95585369269929 0.4915254237288136 
18.788294228055936 0.535424744448361 
24.698178070456937 0.4358467243510507 
24.041630560342615 0.5850086418630037 
24.041630560342615 0.5850086418630037 
18.867962264113206 0.5944363103953147 
23.08679276123039 0.667687595712098 
17.4928556845359 0.6200836820083682 
18.601075237738275 0.5855855855855856 
20.0 0.7368421052631579 
20.0 0.7368421052631579 
15.033296378372908 0.7745187901008249 
16.1245154965971 0.7424 
52.03844732503075 0.41612483745123535 
25.079872407968907 0.43077681064214157 
33.37663853655727 0.5304347826086957 
33.37663853655727 0.5304347826086957 
34.20526275297414 0.4789915966386555 
28.160255680657446 0.6026490066225165 
27.65863337187866 0.5663430420711975 
29.120439557122072 0.5294943820224719 
30.14962686336267 0.5842880523731587 
32.14031735997639 0.5663430420711975 
32.01562118716424 0.595020139143171 
24.08318915758459 0.6575342465753424 
20.09975124224178 0.6989079563182528 
26.019223662515376 0.6540725270552497 
22.80350850198276 0.5156576200417536 
22.80350850198276 0.5156576200417536 
46.61544808322666 0.3248175182481752 
27.018512172212592 0.6439286725162752 
24.020824298928627 0.6747404844290658 
20.024984394500787 0.7176656151419558 
27.459060435491963 0.58126871766948 
27.459060435491963 0.58126871766948 
24.186773244895647 0.6406779661016949 
25.317977802344327 0.6148285449490268 
20.09975124224178 0.6989079563182528 
14.212670403551895 0.6551724137931034 
28.160255680657446 0.6026490066225165 
28.160255680657446 0.6026490066225165 
3.1622776601683795 0.8999018645731109 
27.018512172212592 0.4224834680382072 
84.87638069569178 0.0684326710816777 
82.20097323024831 0.0 
126.49110640673517 -0.11571254567600488 
126.24579200908045 -0.11133778752486356 
126.60568707605516 -0.10536044362292052 
139.20488497175666 -0.20796399836356197 
143.8923208513922 -0.26394052044609667 
170.66048165876012 -0.15996528782181083 
160.46494944379597 -0.26555386949924126 
165.46298679765212 -0.2562427967729543 
172.01162751395617 -0.2525737817433082 
187.7471704180918 -0.28590163934426227 
185.32673849177834 -0.30755474307515 
211.15160430363773 -0.2962843295638126 
184.88915598271305 -0.34515935057125674 
172.97687706742772 -0.3022026431718062 
203.54115063052976 -0.29571544058205335 
212.46176126540982 -0.27169369670623644 
215.60380330597138 -0.2949745083758194 
201.92077654367318 -0.3582793164407778 
234.2007685726074 -0.37942087829896354 
234.2007685726074 -0.37942087829896354 
234.61031520374377 -0.431090214516603 
250.29782260339383 -0.4224343675417661 
254.46610776290032 -0.43927399111797644 
268.4641503068892 -0.5453976205385097 
304.63092423455635 -0.441967717140661 
305.83982736066275 -0.43889479277364507 
306.8582734749057 -0.45724698626296606 
318.0220118167923 -0.40396127663941434 
326.9388321995416 -0.4282714266964169 
338.58676879051256 -0.4397427652733119 
335.9345174286203 -0.5962180200222469 
335.9345174286203 -0.5962180200222469 
350.7278146939589 -0.5664053751399776 
337.262509034135 -0.5894535944016399 
336.1681127055331 -0.6162114537444934 
339.5541193977773 -0.5625847266154541 
337.146852276571 -0.44811858608893956 
337.146852276571 -0.44811858608893956 
336.64372859151854 -0.437862950058072 
342.7608495729931 -0.4582763337893297 
343.8386249390839 -0.47760388559093364 
354.0310720826634 -0.6336340124897496 
362.2154055254967 -0.6082029141932002 
362.10633797270106 -0.6107760353839968 
360.0722149791622 -0.5648786335031465 
361.4747570716384 -0.5788048733320441 
361.16616674323194 -0.6347629229027795 
353.1600203873592 -0.603359967219832 
369.3304753198685 -0.47760388559093364 
369.5429609666513 -0.4729423152545449 
375.19728144004455 -0.4826296098343132 
368.33137254380057 -0.5208974923009239 
371.2142238654117 -0.5465334166146159 
382.13086763568316 -0.6887237387451765 
383.09920386239384 -0.6513247418554391 
383.09920386239384 -0.6513247418554391 
387.85822151915255 -0.6087922943936774 
388.3207437158103 -0.6481705839592925 
390.7377637239585 -0.6675824175824175 
384.573790058553 -0.6695117787640833 
387.36675128358655 -0.5737977594051171 
387.36675128358655 -0.5737977594051171 
390.1858531520588 -0.5793742757821553 
396.5576881110742 -0.5971981413412858 
400.26241392366586 -0.6061037639877924 
400.64947273146385 -0.6210196624325736 
416.0300469918008 -0.7183954488153343 
417.09711099455006 -0.7124610129214317 
425.88261293459726 -0.6540111199364576 
423.5717176582969 -0.6926658905704307 
424.38190347845887 -0.7008036266227076 
431.26442004876776 -0.674074074074074 
401.52833025827704 -0.6502749789249729 
398.3214782057327 -0.6885011441647597 
398.3214782057327 -0.6885011441647597 
398.2875845416224 -0.6551341936505423 
402.9900743194552 -0.6388359174197827 
401.52833025827704 -0.6502749789249729 
398.3214782057327 -0.6885011441647597 
398.3214782057327 -0.6885011441647597 
413.0193700058146 -0.6716294146470166 
422.3706902709988 -0.6662963956027119 
413.27230732290786 -0.6997052892818365 
402.031093324882 -0.7100638977635783 
430.0011627891255 -0.7323831172820544 
430.0011627891255 -0.7323831172820544 
449.02783878062615 -0.7362597441913267 
479.0093944798995 -0.7535536979674969 
467.00107066258425 -0.7509255950253735 
456.1096359429386 -0.7319549566180543 
480.0510389531513 -0.7481134530314858 
481.05093285430803 -0.7485678004011602 
493.44705896377576 -0.7311982227981673 
526.8548187119484 -0.7292055203282357 
553.4780935140974 -0.7528756010041556 
528.1600136322324 -0.7593436645396536 
554.0442220617412 -0.7778231153728451 
553.0325487708658 -0.7788439570482065 
560.3222287220095 -0.762116702618573 
564.63970813254 -0.7174043498710608 
569.077323392876 -0.7364711576272724 
572.4700865547475 -0.7250824405560201 
573.0698037761194 -0.7380086007277539 
562.2570586484442 -0.7660077352814783 
578.7780230796604 -0.7498277050310131 
581.021514231616 -0.7896388945900591 
564.7955382260026 -0.7127738489688937 
577.8338861645274 -0.7156843548071274 
584.1934611068494 -0.6772675915464261 
584.2987249686585 -0.6741594045704454 
608.3625563757191 -0.7754234011290697 
591.278276279452 -0.6458896453612438 
580.521317438042 -0.7260118879139541 
585.0555529178405 -0.7112123974475844 
594.4451194181007 -0.7676056338028169 
600.4406715071856 -0.7696152320507735 
593.0539604454218 -0.7894940317981927 
589.0543268663765 -0.7882249987845787 
595.0680633339349 -0.7887769574862712 
603.1624988342694 -0.7843297437801708 
598.965775316086 -0.7495112133410006 
598.965775316086 -0.7495112133410006 
606.0115510450275 -0.7500394508442481 
604.5312233458252 -0.732830396982382 
590.9077762223137 -0.625644551392231 
597.0008375203505 -0.6558222222222222 
588.4632528884025 -0.6067527308838133 
588.4632528884025 -0.6067527308838133 
591.5217662943604 -0.6382285156655524 
590.444747626736 -0.5722492266902341 
595.3906280753838 -0.5745989892331356 
601.2362264534631 -0.5416666666666666 
601.592054468807 -0.4301040099430889 
602.3993691895768 -0.4402107562809227 
589.9321994941453 -0.6563584727043231 
590.0457609372344 -0.6209619526202441 
586.6191268617142 -0.6011810753278858 
594.2743474187658 -0.6140265378907028 
597.599364122821 -0.6369243592415087 
597.599364122821 -0.6369243592415087 
607.3853801335689 -0.738236884802596 
612.3806006071715 -0.6129290236587804 
638.0164574679873 0.033084311632870865 
641.5177316333509 -0.03124652507505838 
641.792801455423 -0.19187358916478556 
641.792801455423 -0.19187358916478556 
642.6585407508408 -0.408 
649.9269189685868 -0.5590551181102362 
650.299930801165 -1.238150289017341 
652.7671866753108 -0.9634888438133874 
638.0070532525483 -0.31070496083550914 
638.192760848946 -0.29506008010680906 
642.3776148030066 -0.35576425349404717 
641.038220389393 -0.3812280265634433 
674.493143034086 -9.8 
681.3904901009406 -2.890625 
689.4555823256492 -2.3910266645377614 
689.4555823256492 -2.3910266645377614 
696.5701687554528 -2.099236641221374 
696.0064654872108 -1.9289827255278311 
703.699509734091 -1.9058016219588272 
709.7450246391305 -1.8620194924058775 
704.389806854131 -1.9325626204238922 
704.389806854131 -1.9325626204238922 
715.6486568142219 -1.7573676432235068 
714.4879285194397 -1.5365853658536586 
728.9890259805013 -1.4593967517401392 
738.1734213584231 -1.4356435643564356 
714.0896302285869 -1.4924816280384399 
714.0896302285869 -1.4924816280384399 
725.7857810676646 -1.448771441817339 
717.2949184261659 -1.5052192066805845 
727.0192569664163 -1.421623191211344 
734.9136003640156 -1.3762714060509211 
717.4078338016668 -1.3472645739910314 
717.4078338016668 -1.3472645739910314 
722.5302761822511 -1.3283148989090088 
711.7654107920671 -1.3519360116342483 
714.07912726812 -1.3348451072334537 
715.7108354635969 -1.3265306122448979 
711.2812383298185 -1.310422234099412 
711.2812383298185 -1.310422234099412 
713.8207057798197 -1.2888785728496586 
711.4618752962101 -1.2643725249214803 
713.2573168219167 -1.249284651482202 
713.1795005466716 -1.2336345839255545 
708.2668988453435 -1.2541015881349258 
707.8735762832231 -1.2562880593063277 
706.4290481003736 -1.2551957467375543 
703.1536105290223 -1.2552293900509757 
702.0113959188982 -1.2484599589322383 
699.492673299728 -1.241252786508453 
696.1953748769091 -1.2382410851017283 
695.2877102322462 -1.2387634290725718 
695.0748161169415 -1.2268041237113403 
686.9293995746579 -1.225769669327252 
686.0262385652607 -1.2235910070834617 
684.2514157822401 -1.2194237356437638 
679.5895820272704 -1.2091390299233014 
679.5895820272704 -1.2091390299233014 
677.0184635591559 -1.208383663218322 
668.2469603372693 -1.2132550027538094 
669.3168158652522 -1.2084559615246573 
671.400029788501 -1.2014498283098054 
