4.242640687119285 0.864070536370316 
5.0990195135927845 0.8317689530685921 
5.0 0.84375 
2.23606797749979 0.9205147615442847 
5.385164807134504 0.8668138337012509 
10.63014581273465 0.6913333333333334 
6.4031242374328485 0.8117114972625565 
7.615773105863909 0.7557093425605537 
10.04987562112089 0.700782122905028 
2.8284271247461903 0.9068019541525743 
4.123105625617661 0.9094330155544406 
7.615773105863909 0.7557093425605537 
10.816653826391969 0.6779100529100529 
10.816653826391969 0.6779100529100529 
8.54400374531753 0.7305593451568895 
10.0 0.7101449275362319 
10.44030650891055 0.6823607427055703 
14.035668847618199 0.6087507926442612 
17.0 0.537886441705395 
17.0 0.537886441705395 
17.08800749063506 0.5324675324675324 
27.730849247724095 0.35378868729989327 
27.85677655436824 0.347675962815405 
10.816653826391969 0.6779100529100529 
10.816653826391969 0.6779100529100529 
8.54400374531753 0.7305593451568895 
10.0 0.7101449275362319 
10.816653826391969 0.6779100529100529 
10.816653826391969 0.6779100529100529 
8.54400374531753 0.7305593451568895 
10.0 0.7101449275362319 
38.948684188300895 0.2204939063502245 
38.948684188300895 0.2204939063502245 
35.35533905932738 0.2594737713056429 
35.35533905932738 0.2594737713056429 
25.079872407968907 0.39166209544706526 
19.697715603592208 0.4834811421888705 
18.439088914585774 0.5287737270262127 
17.029386365926403 0.5767557489123679 
17.204650534085253 0.5877751121310107 
24.413111231467404 0.4177144453758033 
24.20743687382041 0.4276871131119865 
24.08318915758459 0.43752951175748417 
34.88552708502482 0.26239840769613537 
29.154759474226502 0.3416181914331042 
29.68164415931166 0.337609841827768 
41.593268686170845 0.18903296359943758 
41.593268686170845 0.18903296359943758 
29.966648127543394 0.3225021720243267 
24.515301344262525 0.39882374563499357 
22.47220505424423 0.443938531587934 
20.615528128088304 0.48739495798319327 
24.758836806279895 0.4319849482596425 
27.65863337187866 0.38331515812431843 
28.319604517012593 0.3785546096721608 
30.870698080866262 0.30930672630311373 
34.539832078341085 0.25905707196029776 
33.61547262794322 0.2712543844997495 
33.61547262794322 0.2832574607991907 
31.38470965295043 0.3115629846631053 
30.886890422961002 0.31518921721099014 
36.235341863986875 0.24790949335956713 
25.238858928247925 0.40269074824917067 
16.278820596099706 0.584634603372892 
26.40075756488817 0.3929355783308931 
20.518284528683193 0.5083234244946492 
10.816653826391969 0.6779100529100529 
10.816653826391969 0.6779100529100529 
8.54400374531753 0.7305593451568895 
10.0 0.7101449275362319 
10.816653826391969 0.6779100529100529 
10.816653826391969 0.6779100529100529 
8.54400374531753 0.7305593451568895 
10.0 0.7101449275362319 
37.589892258425 0.5788694149592694 
34.36568055487916 0.6948533741608762 
35.84689665786984 0.6144720235591081 
40.36087214122113 0.5156398104265403 
23.259406699226016 0.7185848634124496 
22.627416997969522 0.6812897949646591 
21.2602916254693 0.6918645661885727 
13.45362404707371 0.7973023604346197 
14.142135623730951 0.7848195460746621 
11.704699910719626 0.8099610111935606 
9.433981132056603 0.843286688654776 
11.045361017187261 0.8292868946231092 
14.422205101855956 0.7723997783114723 
2.8284271247461903 0.9518513495185135 
1.0 0.9838709677419355 
4.0 0.9663865546218487 
4.47213595499958 0.9359655613102845 
5.0 0.921875 
4.123105625617661 0.9292824345611154 
5.385164807134504 0.9281192430078714 
6.4031242374328485 0.892058900867736 
10.0 0.849624060150376 
4.242640687119285 0.9288299155609168 
7.280109889280518 0.8779851233198486 
14.212670403551895 0.778642936596218 
22.360679774997898 0.7244023725360973 
28.30194339616981 0.6501547987616099 
30.479501308256342 0.6065418213279005 
20.396078054371138 0.7933827652813259 
17.08800749063506 0.7956204379562044 
15.811388300841896 0.8146396822394553 
20.024984394500787 0.8299847405900305 
17.11724276862369 0.8386942217395471 
13.416407864998739 0.8222222222222222 
22.847319317591726 0.7295835586803677 
15.231546211727817 0.8088235294117647 
10.198039027185569 0.889822718319107 
20.396078054371138 0.7933827652813259 
25.942243542145693 0.68596784113874 
30.610455730027933 0.611353711790393 
33.0 0.7528089887640449 
31.575306807693888 0.7024221453287197 
28.231188426986208 0.6798179059180577 
29.017236257093817 0.7682619647355163 
34.0147027033899 0.7357375467374261 
35.12833614050059 0.708941930887068 
38.3275357934736 0.6305696399739399 
35.17101079013795 0.6558508802209182 
32.984845004941285 0.6765888041008913 
25.942243542145693 0.68596784113874 
28.460498941515414 0.6947535771065183 
35.22782990761707 0.6989050556326182 
50.24937810560445 0.47460101954555933 
52.32590180780452 0.4811650885137917 
51.478150704935004 0.4955572876071707 
27.892651361962706 0.7156652360515021 
26.570660511172846 0.7062066512537791 
30.463092423455635 0.6590005187618883 
34.17601498127012 0.6380399521939559 
33.24154027718932 0.6432302817504496 
28.460498941515414 0.6947535771065183 
23.08679276123039 0.7458449593594565 
17.029386365926403 0.8515278224509488 
18.35755975068582 0.7597212032281732 
27.16615541441225 0.759075907590759 
33.95585369269929 0.6709919010711487 
41.88078318274385 0.528355989804588 
32.31098884280702 0.6484536082474227 
35.0 0.5748522652659225 
38.897300677553446 0.5233407430930455 
26.019223662515376 0.7883683360258481 
33.24154027718932 0.7109228711547035 
37.36308338453881 0.6358056265984655 
33.37663853655727 0.7007622761921645 
30.066592756745816 0.7507299270072992 
29.832867780352597 0.7038834951456311 
28.160255680657446 0.7051452945881098 
30.14962686336267 0.7399347116430903 
37.33630940518894 0.6773704761349729 
38.62641583165593 0.599799899949975 
36.138621999185304 0.6504386719421985 
34.52535300326414 0.684931506849315 
19.209372712298546 0.7309878213802435 
19.209372712298546 0.7138263665594855 
25.0 0.6443568429171309 
26.248809496813376 0.6503440366972477 
24.08318915758459 0.670846394984326 
18.35755975068582 0.7188927707605482 
25.553864678361276 0.633345628919218 
11.704699910719626 0.8099610111935606 
7.0710678118654755 0.8851192035630076 
13.416407864998739 0.8222222222222222 
14.560219778561036 0.8341830231965333 
14.560219778561036 0.8341830231965333 
16.64331697709324 0.7720724048762467 
16.97056274847714 0.7484964461454346 
19.313207915827967 0.7066619229742951 
32.202484376209235 0.5681168105914081 
36.89173349139343 0.5198014573872637 
42.05948168962618 0.4699693564862104 
28.319604517012593 0.6255506607929515 
31.240998703626616 0.582384957941613 
31.38470965295043 0.5712414018997707 
23.345235059857504 0.6706524262827954 
23.345235059857504 0.676051827049061 
26.40075756488817 0.6908706379978851 
21.02379604162864 0.8229146874406232 
27.018512172212592 0.7816155988857939 
29.274562336608895 0.7354758961681088 
21.02379604162864 0.8229146874406232 
21.095023109728988 0.8107011418325941 
26.92582403567252 0.7216174183514774 
28.160255680657446 0.7051452945881098 
33.83784863137726 0.6475100171722954 
35.73513677041127 0.6370151291093163 
26.570660511172846 0.7062066512537791 
26.0 0.7013654903351658 
27.730849247724095 0.675076385857704 
20.615528128088304 0.7529157404305856 
25.298221281347036 0.722750942718621 
24.041630560342615 0.7397243713733076 
20.024984394500787 0.8299847405900305 
19.0 0.849802371541502 
16.278820596099706 0.8330149025601834 
10.816653826391969 0.6779100529100529 
10.816653826391969 0.6779100529100529 
8.54400374531753 0.7305593451568895 
10.0 0.7101449275362319 
19.0 0.849802371541502 
16.278820596099706 0.8330149025601834 
10.816653826391969 0.6779100529100529 
10.816653826391969 0.6779100529100529 
29.427877939124322 0.67233238904627 
24.020824298928627 0.7739565943238731 
19.4164878389476 0.7559766442657265 
21.213203435596427 0.7598542563762836 
21.02379604162864 0.7967534663510315 
22.090722034374522 0.77070488251958 
28.284271247461902 0.6946467492424645 
30.4138126514911 0.6660395108184384 
33.13608305156178 0.6776128828544363 
33.06055050963308 0.6931166347992351 
29.0 0.7542372881355932 
28.071337695236398 0.7275239798406763 
38.01315561749642 0.6747924766207839 
38.47076812334269 0.603601790834549 
38.600518131237564 0.5431309904153354 
32.984845004941285 0.6097560975609756 
27.294688127912362 0.5807795299018149 
18.973665961010276 0.726962457337884 
19.924858845171276 0.7203453858607664 
18.788294228055936 0.6985294117647058 
17.88854381999832 0.7047970479704797 
17.46424919657298 0.7223903177004538 
21.470910553583888 0.653251737371642 
24.758836806279895 0.5521472392638037 
28.460498941515414 0.6232813932172319 
26.1725046566048 0.533628403733282 
31.304951684997057 0.42179206993443646 
32.802438933713454 0.42688330871491875 
45.17742799230607 0.2753240518482957 
57.77542730261716 0.16080402010050251 
33.301651610693426 0.45774647887323944 
47.4236228055175 0.24913793103448276 
45.617978911828175 0.2677165354330709 
32.802438933713454 0.47850285237233897 
39.44616584663204 0.33733271804337794 
49.64876634922564 0.21913721890775584 
29.068883707497267 0.7205310880829016 
26.92582403567252 0.6194879089615932 
30.479501308256342 0.4636363636363636 
16.15549442140351 0.7471226570207169 
17.029386365926403 0.6488052136133237 
18.384776310850235 0.6036824630244492 
25.553864678361276 0.5908773330671724 
22.80350850198276 0.5962145110410094 
21.2602916254693 0.5855757274309873 
27.018512172212592 0.5009887936717206 
23.853720883753127 0.5311239193083573 
26.40075756488817 0.48338762214983716 
24.839484696748443 0.5325961538461539 
26.419689627245813 0.4894869638351556 
31.953090617340916 0.4064237183446572 
29.5296461204668 0.44669843430905376 
32.31098884280702 0.4035134064192313 
36.40054944640259 0.3505338078291815 
18.973665961010276 0.592387232129477 
23.194827009486403 0.5280414150129422 
27.018512172212592 0.47733802947446474 
27.018512172212592 0.47733802947446474 
34.0147027033899 0.3847958297132928 
40.049968789001575 0.3122298604536286 
24.186773244895647 0.5132440900028482 
27.073972741361768 0.4739226928056223 
31.04834939252005 0.41522752497225307 
26.419689627245813 0.4894869638351556 
33.28663395418648 0.40947075208913647 
39.96248240537617 0.3349246231155779 
21.587033144922902 0.5500340367597005 
19.0 0.849802371541502 
16.278820596099706 0.8330149025601834 
10.816653826391969 0.6779100529100529 
10.816653826391969 0.6779100529100529 
8.06225774829855 0.7865168539325843 
8.602325267042627 0.721767955801105 
1.4142135623730951 0.9501877346683354 
7.615773105863909 0.8156606851549756 
17.08800749063506 0.653262599469496 
7.0710678118654755 0.7575005639521769 
8.246211251235321 0.834687389614977 
11.180339887498949 0.7301798800799467 
8.06225774829855 0.7865168539325843 
8.602325267042627 0.721767955801105 
1.4142135623730951 0.9501877346683354 
7.615773105863909 0.8156606851549756 
17.08800749063506 0.653262599469496 
7.0710678118654755 0.7575005639521769 
8.246211251235321 0.834687389614977 
11.180339887498949 0.7301798800799467 
2.0 0.9731543624161074 
7.211102550927978 0.7584922694955423 
10.0 0.6869113348489769 
6.0 0.9215686274509803 
5.0990195135927845 0.9007074896316175 
4.0 0.9470198675496688 
15.0 0.6160547604231488 
15.620499351813308 0.5636728549924737 
15.297058540778355 0.5412462908011869 
15.033296378372908 0.5529200717560295 
18.867962264113206 0.48216493864738896 
22.627416997969522 0.4515137401024686 
12.083045973594572 0.6200873362445415 
12.649110640673518 0.6032513633089824 
12.0 0.6307692307692307 
13.341664064126334 0.5864386072083079 
14.317821063276353 0.563515954244431 
12.165525060596439 0.6168932240323752 
9.899494936611665 0.7044410413476263 
14.866068747318506 0.6007807684405178 
19.209372712298546 0.5321533923303835 
7.0710678118654755 0.7575005639521769 
5.385164807134504 0.8072372999304106 
7.0 0.7666666666666667 
11.180339887498949 0.6443647108484593 
10.816653826391969 0.6615483045425464 
9.219544457292887 0.7309486780715396 
10.295630140987 0.739450770261219 
9.055385138137417 0.8536759457530335 
7.211102550927978 0.7966101694915254 
3.605551275463989 0.8701392222755641 
11.180339887498949 0.6415929203539823 
24.73863375370596 0.35578178021404333 
16.64331697709324 0.6014388489208633 
25.0 0.3880277926242651 
33.54101966249684 0.2419894787183166 
20.396078054371138 0.4344103838718586 
25.019992006393608 0.3556638246041413 
29.832867780352597 0.27491408934707906 
6.0 0.7966101694915254 
3.605551275463989 0.8701392222755641 
5.0 0.8479601518026565 
2.8284271247461903 0.9032612678636863 
9.433981132056603 0.7488215488215488 
8.246211251235321 0.834687389614977 
8.06225774829855 0.7865168539325843 
