0.8818770533172148 0.9830247482214094 
2.5987823168078688 0.9655140236827007 
4.8744069971541695 0.870922491087292 
3.922686496241982 0.8945102495059907 
3.922686496241982 0.8945148551150497 
11.46283091697573 0.709050902202306 
8.941105966196684 0.7671263165700509 
13.804152355829356 0.6561804261985762 
13.804152355829356 0.6561804261985762 
1.798427168535676 0.9457693098370099 
1.798427168535676 0.9457693098370099 
1.798427168535676 0.9457693098370099 
2.5085599445440803 0.9269055268387565 
2.5085599445440803 0.9269055268387565 
2.5085599445440803 0.9269055268387565 
3.979561516122772 0.88017430387289 
3.979561516122772 0.88017430387289 
3.979561516122772 0.88017430387289 
6.401238660900599 0.8545277574851794 
6.401238660900599 0.8545277574851794 
6.401238660900599 0.8545277574851794 
16.65066714150186 0.6133859269867835 
16.65066714150186 0.6133859269867835 
16.65066714150186 0.6133859269867835 
26.55016019801562 0.460980812609116 
26.55016019801562 0.460980812609116 
26.55016019801562 0.460980812609116 
33.720256380671 0.32872333649996305 
33.720256380671 0.32872333649996305 
33.720256380671 0.32872333649996305 
3.922761440814732 0.8885722364812821 
3.922761440814732 0.8885722364812821 
3.922761440814732 0.8885722364812821 
3.922761440814732 0.8885722364812821 
3.922761440814732 0.8885722364812821 
3.922761440814732 0.8885722364812821 
9.579603051600332 0.7524252254900948 
9.579603051600332 0.7524252254900948 
9.579603051600332 0.7524252254900948 
18.094970967474094 0.5598681649896438 
18.094970967474094 0.5598681649896438 
18.094970967474094 0.5598681649896438 
24.07906977070989 0.462390975751458 
24.07906977070989 0.462390975751458 
24.07906977070989 0.462390975751458 
36.41676009367089 0.29045623002487403 
36.41676009367089 0.29045623002487403 
36.41676009367089 0.29045623002487403 
34.82769251564222 0.316384468875031 
34.82769251564222 0.316384468875031 
34.82769251564222 0.316384468875031 
37.23193612117571 0.28136148085824675 
37.23193612117571 0.28136148085824675 
37.23193612117571 0.28136148085824675 
43.783591617956915 0.21437054875730746 
43.783591617956915 0.21437054875730746 
43.783591617956915 0.21437054875730746 
41.9522123905309 0.22955690592252007 
41.9522123905309 0.22955690592252007 
41.9522123905309 0.22955690592252007 
46.03021901634443 0.18599815763582503 
46.03021901634443 0.18599815763582503 
46.03021901634443 0.18599815763582503 
56.46731185216651 0.09051689123975663 
56.46731185216651 0.09051689123975663 
56.46731185216651 0.09051689123975663 
73.01089038086242 -0.03456932176206386 
73.01089038086242 -0.03456932176206386 
73.01089038086242 -0.03456932176206386 
90.98886809325553 -0.12778653000737225 
90.98886809325553 -0.12778653000737225 
90.98886809325553 -0.12778653000737225 
98.0584764772048 -0.1607747772100795 
98.0584764772048 -0.1607747772100795 
98.0584764772048 -0.1607747772100795 
100.86938731141056 -0.17557026807950754 
100.86938731141056 -0.17557026807950754 
100.86938731141056 -0.17557026807950754 
107.79886234260826 -0.20601874821903784 
107.79886234260826 -0.20601874821903784 
107.79886234260826 -0.20601874821903784 
105.81806502872327 -0.1975511293985963 
105.81806502872327 -0.1975511293985963 
105.81806502872327 -0.1975511293985963 
106.63071423473733 -0.19155656199208246 
106.63071423473733 -0.19155656199208246 
106.63071423473733 -0.19155656199208246 
114.07742302078765 -0.2157619890535484 
114.07742302078765 -0.2157619890535484 
114.07742302078765 -0.2157619890535484 
122.9586602017151 -0.23786869805100677 
122.9586602017151 -0.23786869805100677 
122.9586602017151 -0.23786869805100677 
138.0228206023503 -0.2949005041380143 
138.0228206023503 -0.2949005041380143 
138.0228206023503 -0.2949005041380143 
144.87353397576862 -0.303935440209136 
144.87353397576862 -0.303935440209136 
144.87353397576862 -0.303935440209136 
161.50415788262615 -0.3266550636004761 
161.50415788262615 -0.3266550636004761 
161.50415788262615 -0.3266550636004761 
166.37299585774406 -0.3281142203133142 
166.37299585774406 -0.3281142203133142 
166.37299585774406 -0.3281142203133142 
187.0868503912126 -0.34970468261992904 
187.0868503912126 -0.34970468261992904 
187.0868503912126 -0.34970468261992904 
196.98141545676052 -0.36695593007673993 
196.98141545676052 -0.36695593007673993 
196.98141545676052 -0.36695593007673993 
210.0478362222698 -0.38572651124845764 
210.0478362222698 -0.38572651124845764 
210.0478362222698 -0.38572651124845764 
209.53635441488834 -0.4023816752797948 
209.53635441488834 -0.4023816752797948 
209.53635441488834 -0.4023816752797948 
232.80929566418428 -0.4183056610786627 
232.80929566418428 -0.4183056610786627 
232.80929566418428 -0.4183056610786627 
214.68863760433055 -0.4334401808954215 
214.68863760433055 -0.4334401808954215 
214.68863760433055 -0.4334401808954215 
215.48393949859295 -0.424127501974847 
215.48393949859295 -0.424127501974847 
215.48393949859295 -0.424127501974847 
218.83803249996186 -0.4244175074179116 
218.83803249996186 -0.4244175074179116 
218.83803249996186 -0.4244175074179116 
233.05513814119396 -0.41562565439108023 
233.05513814119396 -0.41562565439108023 
233.05513814119396 -0.41562565439108023 
256.4814385054015 -0.4624405624462204 
256.4814385054015 -0.4624405624462204 
256.4814385054015 -0.4624405624462204 
281.5819305855273 -0.500825301290169 
281.5819305855273 -0.500825301290169 
281.5819305855273 -0.500825301290169 
302.8989522842071 -0.5309447728608513 
302.8989522842071 -0.5309447728608513 
302.8989522842071 -0.5309447728608513 
317.3975512376974 -0.5515656197497391 
317.3975512376974 -0.5515656197497391 
317.3975512376974 -0.5515656197497391 
329.4410218341608 -0.5785039100443959 
329.4410218341608 -0.5785039100443959 
329.4410218341608 -0.5785039100443959 
333.56067860909127 -0.6234234218594294 
333.56067860909127 -0.6234234218594294 
333.56067860909127 -0.6234234218594294 
333.1153933109226 -0.6089249401396981 
333.1153933109226 -0.6089249401396981 
333.1153933109226 -0.6089249401396981 
339.466313253514 -0.6060744551779649 
339.466313253514 -0.6060744551779649 
339.466313253514 -0.6060744551779649 
343.33265169322084 -0.5912823656568877 
343.33265169322084 -0.5912823656568877 
343.33265169322084 -0.5912823656568877 
348.2960512388021 -0.5956603391689181 
348.2960512388021 -0.5956603391689181 
348.2960512388021 -0.5956603391689181 
345.83189206115577 -0.5655193315453598 
345.83189206115577 -0.5655193315453598 
345.83189206115577 -0.5655193315453598 
328.21645344119906 -0.5461423494203363 
328.21645344119906 -0.5461423494203363 
328.21645344119906 -0.5461423494203363 
317.71508265201606 -0.5298962226371319 
317.71508265201606 -0.5298962226371319 
317.71508265201606 -0.5298962226371319 
307.34610257138064 -0.5274920387729893 
307.34610257138064 -0.5274920387729893 
307.34610257138064 -0.5274920387729893 
311.1667583325048 -0.5503467816395252 
311.1667583325048 -0.5503467816395252 
311.1667583325048 -0.5503467816395252 
312.3040932736643 -0.5489421102881854 
312.3040932736643 -0.5489421102881854 
312.3040932736643 -0.5489421102881854 
308.9780286298265 -0.5701068436076313 
308.9780286298265 -0.5701068436076313 
308.9780286298265 -0.5701068436076313 
304.3418849024142 -0.5788266874632578 
304.3418849024142 -0.5788266874632578 
304.3418849024142 -0.5788266874632578 
294.9105683295336 -0.579492257239224 
294.9105683295336 -0.579492257239224 
294.9105683295336 -0.579492257239224 
289.2169351952065 -0.566831119282223 
289.2169351952065 -0.566831119282223 
289.2169351952065 -0.566831119282223 
424.764934993462 -1.026283016128909 
424.764934993462 -1.026283016128909 
424.7559548479083 -1.0261767059401208 
430.8538130435706 -1.0255549445896732 
430.8537791876248 -1.0255521151304468 
430.84865842952286 -1.0255249267276971 
435.2968553082854 -1.0247740509893122 
435.2893042107569 -1.0247616284522363 
435.2574428510186 -1.0248560779952933 
444.12425704323084 -1.0240767738087417 
444.12425704323084 -1.0240767738087417 
444.12425704323084 -1.0240767738087417 
445.5100412108464 -1.0238928931217415 
445.5100412108464 -1.0238928931217415 
445.5100412108464 -1.0238928931217415 
445.5100412108464 -1.0238928931217415 
445.5100412108464 -1.0238928931217415 
445.5100412108464 -1.0238928931217415 
447.7297828795901 -1.0236376723854521 
447.7297828795901 -1.0236376723854521 
447.7297828795901 -1.0236376723854521 
459.65270369436286 -1.0221957326764455 
459.65270369436286 -1.0221957326764455 
459.65270369436286 -1.0221957326764455 
473.56302641121863 -1.020513526538895 
473.56302641121863 -1.020513526538895 
473.56302641121863 -1.020513526538895 
493.3582060119391 -1.0180858939632296 
493.3582060119391 -1.0180858939632296 
493.3582060119391 -1.0180858939632296 
519.940518231077 -1.015847394671634 
519.940518231077 -1.015847394671634 
519.940518231077 -1.015847394671634 
561.7278865137198 -1.013160665140757 
561.7278865137198 -1.013160665140757 
561.7278865137198 -1.013160665140757 
582.3030450066245 -1.0121267450073355 
582.3030450066245 -1.0121267450073355 
582.3030450066245 -1.0121267450073355 
614.0710561533062 -1.0108043522420875 
614.0710561533062 -1.0108043522420875 
614.0710561533062 -1.0108043522420875 
619.7238307876783 -1.0105886991934927 
619.7238307876783 -1.0105886991934927 
619.7238307876783 -1.0105886991934927 
619.7520682829378 -1.0105823635239632 
619.7520682829378 -1.0105823635239632 
619.7520682829378 -1.0105823635239632 
619.892430809385 -1.0105790368010692 
619.892430809385 -1.0105790368010692 
619.892430809385 -1.0105790368010692 
605.3373386471486 -1.0111555011617805 
605.3373386471486 -1.0111555011617805 
605.3373386471486 -1.0111555011617805 
603.4322925221662 -1.0112450016797683 
603.4322925221662 -1.0112450016797683 
603.4322925221662 -1.0112450016797683 
593.539992501429 -1.0117077464804118 
593.539992501429 -1.0117077464804118 
593.539992501429 -1.0117077464804118 
586.4900648021944 -1.0120748230852525 
586.4900648021944 -1.0120748230852525 
586.4900648021944 -1.0120748230852525 
590.6939621452931 -1.0120538725553128 
590.6939621452931 -1.0120538725553128 
590.6939621452931 -1.0120538725553128 
586.7647847647322 -1.0123216269973396 
586.7647847647322 -1.0123216269973396 
586.7647847647322 -1.0123216269973396 
591.1224517060731 -1.0123797760166278 
591.1224517060731 -1.0123797760166278 
591.1224517060731 -1.0123797760166278 
597.5034351556609 -1.0123400879980105 
597.5034351556609 -1.0123400879980105 
597.5034351556609 -1.0123400879980105 
603.1301987659382 -1.012335499953944 
603.1301987659382 -1.012335499953944 
603.1301987659382 -1.012335499953944 
608.5964501050202 -1.0122603698607269 
608.5964501050202 -1.0122603698607269 
608.5964501050202 -1.0122603698607269 
606.9001548986283 -1.012313035432307 
606.9001548986283 -1.012313035432307 
606.9001548986283 -1.012313035432307 
621.1056983271807 -1.0117424100122432 
621.1056983271807 -1.0117424100122432 
621.1056983271807 -1.0117424100122432 
623.1301063966599 -1.011707748214494 
623.1301063966599 -1.011707748214494 
623.1301063966599 -1.011707748214494 
625.4524222714758 -1.0115045464093901 
625.4524222714758 -1.0115045464093901 
625.4524222714758 -1.0115045464093901 
639.9736111299723 -1.0110012687455443 
639.9736111299723 -1.0110012687455443 
639.9736111299723 -1.0110012687455443 
635.31628262859 -1.0112109911357685 
635.31628262859 -1.0112109911357685 
635.31628262859 -1.0112109911357685 
634.1434053128827 -1.0112206193394746 
634.1434053128827 -1.0112206193394746 
634.1434053128827 -1.0112206193394746 
629.9543584702984 -1.0115164790279625 
629.9543584702984 -1.0115164790279625 
629.9543584702984 -1.0115164790279625 
615.3920056346093 -1.0123167941294822 
615.3920056346093 -1.0123167941294822 
615.3920056346093 -1.0123167941294822 
613.4754389363021 -1.0129219467150066 
613.4754389363021 -1.0129219467150066 
613.4754389363021 -1.0129219467150066 
591.1940880018527 -1.0150591672375395 
591.1940880018527 -1.0150591672375395 
591.1940880018527 -1.0150591672375395 
573.8951074915153 -1.0164961732145665 
573.8951074915153 -1.0164961732145665 
573.8951074915153 -1.0164961732145665 
564.6436930519825 -1.0185684951054323 
564.6436930519825 -1.0185684951054323 
564.6436930519825 -1.0185684951054323 
554.9025593598782 -1.0199324102565868 
554.9025593598782 -1.0199324102565868 
554.9025593598782 -1.0199324102565868 
553.8188573012864 -1.0207473947530892 
553.8188573012864 -1.0207473947530892 
553.8188573012864 -1.0207473947530892 
554.1413575490916 -1.0214665314320583 
554.1413575490916 -1.0214665314320583 
554.1413575490916 -1.0214665314320583 
546.2969515705502 -1.0219710850684045 
546.2969515705502 -1.0219710850684045 
546.2969515705502 -1.0219710850684045 
545.0096496116263 -1.022150832496947 
545.0096496116263 -1.022150832496947 
545.0096496116263 -1.022150832496947 
542.7861056733793 -1.02238203730279 
542.7861056733793 -1.02238203730279 
542.7861056733793 -1.02238203730279 
538.8352177503336 -1.0233229995532376 
538.8352177503336 -1.0233229995532376 
538.8352177503336 -1.0233229995532376 
547.5062314975734 -1.023914628591569 
547.5062314975734 -1.023914628591569 
547.5062314975734 -1.023914628591569 
543.0855068201761 -1.0253502109079624 
543.0855068201761 -1.0253502109079624 
543.0855068201761 -1.0253502109079624 
