2.517825366662668 0.9477718782638861 
2.3875015568763245 0.9477300495672765 
1.409820796767445 0.9734483174805235 
1.9952857085918414 0.9563873137003894 
0.5954961863475771 0.9907968077537984 
2.552526434761281 0.9540951040924879 
1.1285161028211836 0.9796044765730103 
0.9398934771344074 0.9840995165300567 
2.1621156049047063 0.9607547733008831 
1.9613562825460893 0.9561940661603197 
7.674046007456663 0.851937078511028 
1.3820188589611468 0.9695046127203086 
3.657047608443608 0.9368024404426465 
3.806749850781358 0.9321397528000845 
2.4385572443021877 0.9488985877133853 
1.260828535744854 0.9731088611124467 
3.209108083597517 0.9444021507041391 
4.010483648976563 0.9355900491940752 
4.6664262433460895 0.9171799364960637 
4.427057325595599 0.9182171461435419 
4.990689790861732 0.896529769623323 
5.63836954881803 0.8993123883196802 
4.694086000734349 0.9088546145402756 
4.736380265911483 0.8996352231812251 
6.448446948671715 0.8629474757397542 
4.012942411917767 0.9239892270480521 
5.748734734247842 0.8911801699279476 
5.481904023926492 0.9054041968976744 
6.527611938337361 0.9007442888749696 
11.39582548356459 0.831445021522328 
10.380528147282195 0.8461375214151238 
4.823510904797872 0.8966247439456096 
3.329184722144992 0.9270308239464925 
5.416259840617771 0.8933122424723272 
4.957403879655404 0.924535230625396 
4.117034047710935 0.9172409415291037 
5.062308961358885 0.9162703324653789 
3.9937218952716327 0.9191336815177011 
4.741491269647282 0.9083314597320763 
4.235069626169852 0.9201396009194185 
4.764075066301271 0.9096471538526951 
4.0438611161926294 0.9347006925228537 
6.361478756768666 0.8790933297921812 
4.0182637805736805 0.9338984998484696 
4.201061283840553 0.9300865591281364 
3.72760523613075 0.9200416730817701 
4.222129456963552 0.924721519018861 
5.593208424778626 0.8937673888394313 
5.163566173549736 0.9065650669620928 
5.500813433633368 0.9059458897697935 
5.407310063071354 0.8980188621522815 
6.88453844846293 0.8919140966044837 
6.278567668063176 0.8944985774765484 
6.923361099711484 0.8630207880360506 
6.101687573684696 0.8630100669006938 
5.621872945545976 0.8890593480561093 
9.076355863788804 0.8326323570876853 
8.665473118759383 0.8549287219862405 
6.880702603356765 0.8456819754966826 
8.87713194083319 0.8224972810261775 
6.60120716401726 0.8659038603452911 
5.854394307464924 0.8699534974910169 
7.866162010840029 0.8661405813380346 
5.581066853639529 0.8906091366836383 
5.497450731235442 0.8971015631121707 
7.007204257646021 0.8773972546668676 
6.64213630785528 0.878812498255089 
8.77577618771724 0.8569774311432552 
9.586388168736512 0.8175251580861977 
7.549392422989863 0.8377302515216816 
7.488530247716986 0.864944925686102 
5.744983432818705 0.888142475683134 
6.554169201502625 0.8553007883695883 
5.71944008736608 0.8911914832679105 
6.808418218343146 0.8754419740293458 
6.680006470044705 0.8715531459426569 
6.744082210836864 0.8847764091467489 
7.450727020059251 0.8668362629250524 
5.52572116583504 0.8839617301392566 
7.039502511439981 0.8743476915566385 
5.198684240069016 0.8791580744976369 
6.290069929029876 0.8793589601780932 
4.109904526304717 0.9183684776340557 
6.309105821255545 0.8622709851244422 
5.2122013523049615 0.9013559521212039 
6.442597830545733 0.8771344841414837 
5.012117644234176 0.903383075454638 
7.963710280528487 0.8412881378705572 
7.652050924840203 0.855533975008399 
11.85156214610724 0.7669613633192196 
5.585520749937403 0.8861164353874782 
7.191849088957654 0.8615077683064538 
3.6332322320497217 0.906211501862893 
6.139471875207357 0.8540861008031785 
5.702817643148279 0.880983699868578 
7.391022067697693 0.8405899794801324 
5.408086121735135 0.8849977006908132 
4.811175202505196 0.8886722444088392 
4.833464036632161 0.9025429919360944 
6.066680020556705 0.8751762559767035 
6.833172886879476 0.8445556869105006 
7.646768453827882 0.816101577913254 
4.325942345242046 0.8745337516622688 
7.35867891461351 0.8143273260290352 
6.559644270676779 0.8429133623679252 
5.8958508247665335 0.8704209866138934 
17.67161858512803 0.5767782170917627 
6.941767681279985 0.8346001412535563 
7.626546987111663 0.7891715957433851 
8.674066440047019 0.7465341024208716 
6.8302928956282685 0.7926964970136678 
6.539826491662473 0.8047811088238751 
6.4039409122697535 0.8016338117452764 
6.9007599705668925 0.8093000044958801 
4.040632952207816 0.8886800204704517 
5.596403856345416 0.8237232115869253 
3.0554951231844822 0.8966448121624999 
9.02328804335375 0.7410502393241613 
4.3648993242200635 0.8623518343381542 
4.276347992256791 0.8730627524751186 
4.851401967569462 0.8623781344275357 
8.468791998050603 0.7903080316845486 
9.222422866084454 0.7451544757997616 
7.943228428847359 0.7798894198469238 
9.929725438461249 0.7223782212628417 
8.461510879579684 0.7572697055555536 
8.050010176774578 0.7605773911678808 
26.848590126621282 0.4465687802623298 
8.506762672013528 0.7464313216751866 
5.319732257165571 0.8285880019453302 
7.488563207901482 0.7704776969268282 
6.997364022354398 0.7854883570428236 
6.518105724534705 0.791003555855818 
7.201461531050498 0.7742128755936757 
6.113944932129126 0.8352849888846109 
7.785675514286416 0.7807497605512618 
5.6934348698882244 0.8197690645394035 
6.074107376035186 0.8238628521733855 
7.188587355953854 0.7851719240355415 
6.329306551925777 0.793139050625569 
5.57939165803862 0.8250019781108979 
7.604492275712883 0.7710455150758386 
1.5800982753857753 0.9448196737988663 
6.6071994399401826 0.7817676319401397 
6.353907238685281 0.7943132330170296 
10.80930471880457 0.6936061367442291 
10.879050789835215 0.687570234964287 
10.886145652084801 0.6698651222082284 
8.311052742059887 0.7399079653708048 
8.118835171075984 0.7636882576690722 
4.572319680926241 0.8390435702619986 
5.857966500234333 0.8122981013757531 
6.171473888566808 0.7940652591341998 
7.359691541474284 0.7661754234528217 
1.5384421270872382 0.9486534502750665 
5.817111384691051 0.8309261215013969 
6.31476083975045 0.8138597130563819 
7.974021789261429 0.7398043983325299 
7.449740200519299 0.8143467013876984 
6.28120629329768 0.8024670924565867 
5.648712952811875 0.852724482036134 
6.412422117687453 0.7990732497958015 
8.609793348810028 0.7323505829371705 
7.003538463114601 0.7694978775421366 
6.987706083992301 0.7719110984462859 
6.39185403435703 0.7946618742464414 
4.021037914903526 0.8729846292168815 
6.7204378274936385 0.7858805944905832 
5.586314976447564 0.8104252760819993 
6.404973347356853 0.7972117157096092 
7.953408767836469 0.7508335744242834 
7.01986391511099 0.7726146268929486 
9.908312738500078 0.6832909058013275 
5.643341476287648 0.8090752601194566 
6.697096727574084 0.7896725665534181 
6.916370934142701 0.7685176304433907 
5.3205502757556244 0.8309663893726403 
7.234561160644771 0.769976546335993 
5.992486328790515 0.8126379364911338 
6.836878506760868 0.8174154446798735 
9.86448444109665 0.6862680454696201 
5.962344251163782 0.8220686316666087 
5.508376134365245 0.8340196334152038 
5.632787776193813 0.8279894598132194 
7.197892389480538 0.7653741191921152 
6.347706834245374 0.793094726069604 
6.048143981691262 0.8198889990990876 
5.496596545496624 0.8120983408111332 
7.014407460972311 0.7661184253081083 
6.14586217147925 0.8068226065651806 
7.428447909475889 0.7395389146839664 
6.659183108680572 0.7771460278351502 
6.339641317803462 0.7790484245862942 
7.54552122897754 0.7299433265340751 
3.3626739511067023 0.8691927852964336 
8.065139474893659 0.7201564529695698 
6.91576448828496 0.7727589570886763 
7.7419287597973625 0.7474263148124368 
8.144227030649114 0.7141643191499076 
5.49156000413572 0.8131440938993314 
9.700282642616065 0.6792561868591371 
8.212867684980242 0.7156242052865651 
6.989258196738673 0.755132771447638 
8.395208355126327 0.7246384978846646 
9.426758408319701 0.7050755856378167 
7.776322564730651 0.7502251044796778 
8.342354771325853 0.7109965729065174 
8.661472735394854 0.7691670338654769 
7.3970651773346 0.738667047008605 
7.002189251332386 0.7500352269677851 
5.455420006278801 0.8004172816204993 
9.178114732462603 0.6882705766350689 
6.61346912423055 0.7615856408071369 
5.643534121740874 0.7936769949842387 
7.05278525392997 0.7486355971822368 
6.568482712295454 0.7695351966075317 
8.150224838881211 0.7665675462446557 
5.271706394648145 0.828950746036968 
6.197281175025793 0.8013562296394406 
7.282302704611972 0.8023820754427822 
9.01173380541976 0.7483708500615003 
8.459265252754456 0.7144656342726707 
7.357563603735544 0.7364515748574506 
12.125888121851446 0.6269331340780817 
8.059573982769322 0.729479704881638 
6.952935694281895 0.7583347627971316 
6.896083665624867 0.7561741101570983 
7.062117344187488 0.7627475982800588 
6.5968575873149735 0.7831966545275891 
6.263115445931408 0.7876142638989391 
8.298271879770871 0.7199051993356422 
6.944983686467321 0.7748346901899702 
6.562093741864052 0.7698981968120906 
7.505440049851575 0.7235634253878197 
7.262807429203927 0.7295034808862544 
6.81580473766795 0.7472843767471488 
5.812079947793717 0.8069010101188845 
19.79511148324717 0.42530138925303435 
6.474685992273375 0.7478597557127017 
8.11411922205373 0.7072633553131725 
8.091088550485912 0.70329962391607 
8.520695644641643 0.6871965972304015 
9.434432661809733 0.6697313513672951 
7.3798438343521715 0.7631192764624187 
8.896487152832202 0.6768540285841573 
7.514398541442225 0.7492505595948054 
7.228575462977386 0.7617545977972033 
9.767520730857182 0.6569723544845344 
10.896718317632653 0.6317196862481255 
8.71827312250669 0.7009674068244076 
9.463604049901097 0.6709280969638155 
9.476186625177629 0.6671550425618473 
8.630553565889606 0.6857900558531922 
7.45364331896412 0.7313986928560533 
8.366950491790307 0.7219169997769223 
7.321475100481158 0.7333495959918012 
10.23102327885822 0.655017946810949 
4.7402111406271175 0.814176218998184 
6.532657483993898 0.7490194867510498 
10.11918363966741 0.6423661266702562 
11.890090229563013 0.5891311400994771 
8.29604549541545 0.6956765365088976 
7.140422391850223 0.7602809850110229 
6.543531681461409 0.7472132434933797 
6.31060877848575 0.775465328570804 
7.184828257468175 0.7710475145284506 
7.469492475567966 0.7783280777565913 
7.231835834700107 0.7523063971689621 
6.7229981179501195 0.7457197847386161 
4.71509386862366 0.8054917220882826 
6.8172942254819455 0.7235328260060173 
8.320556988159238 0.6812379203857267 
5.7710785684960255 0.7612942799783202 
7.078323051056685 0.7128355074659771 
5.516544466476168 0.7664689849387487 
7.052500083797094 0.7184184891092676 
3.5461981041652573 0.8495110706484993 
6.476763411408609 0.7350926787838373 
6.5373811522597585 0.7303049348987831 
2.980201869450367 0.8780895931899335 
5.250577625965284 0.7804989307061536 
4.047803313155282 0.8214349468658466 
4.685327699590571 0.8218316705513148 
6.026438298785649 0.7665880093802568 
5.425491061074239 0.7695559309012373 
8.155307446597886 0.7115020657023776 
9.224721376263933 0.674715129179592 
5.301455643442805 0.7820865425151569 
5.478718383917185 0.7786112998133751 
6.363900179021304 0.75110296256181 
6.981334570209573 0.7108713106453014 
5.123635300064144 0.7805367943514788 
3.6344351695349593 0.844079207512884 
6.3193751151026545 0.7359461432296486 
3.524499581778706 0.8422512237302899 
4.68416295256158 0.817812708023696 
4.467054917514941 0.8018607119732973 
5.760293044845208 0.7698428030058538 
4.335808172833546 0.8315292192245147 
5.422085231603557 0.7636496388681504 
5.220820124878202 0.766383369423214 
5.301854375550806 0.7656026482208591 
4.3444034953138955 0.7999693448725346 
5.798204382702261 0.7436074477972264 
5.15222751754481 0.7793388881450852 
5.763921209442307 0.7448805837281145 
3.770353951394568 0.8224817153921241 
4.321767732388066 0.7979309740441805 
4.383606871687047 0.7961290265283034 
4.941005140313346 0.777756645361597 
6.198976622477184 0.7244835336256372 
5.294851725590672 0.7872383059480342 
6.0698267428154065 0.7325781485644797 
5.840278962498847 0.7391980106973532 
5.695459372112149 0.7469590887820985 
4.729386160030124 0.7811328013800822 
8.652894371504399 0.6379875673200717 
5.462556416372388 0.7481390059522542 
6.810390836954069 0.7005335641274989 
7.312209783238408 0.6802947515111649 
7.976221254373386 0.6572618983983919 
4.649157034635261 0.785333427784611 
3.9807407262970766 0.8080705479794239 
4.837066710559724 0.7718878976934732 
4.705279885589225 0.7762643565355407 
4.261619689071333 0.7961242785438325 
6.159505424990074 0.7205641998547878 
6.216588768295667 0.734597401614309 
5.27571731582199 0.7559051772263408 
4.758768246661035 0.7806151233032604 
5.789955543257267 0.7352933911031067 
5.582467198619911 0.7436834149959322 
6.3350303275137305 0.7121399019823184 
6.3800097412694665 0.7098562684807735 
5.909480740500758 0.7451637830207358 
5.666103688978902 0.7395933042278995 
6.52710071003537 0.7033946462919727 
3.5352215369372804 0.8293951073861149 
14.691435097226108 0.4702347484834075 
6.788926789432439 0.6964367434316241 
6.248631000214579 0.7662341776035534 
4.887856990161023 0.7698813215963042 
6.0954659497062575 0.7282698186861114 
4.76812067865591 0.7732633765119631 
4.732231088743168 0.7730449506694026 
4.156576510721629 0.7973513923657076 
5.202740576116158 0.7540197656118923 
7.9673417706398375 0.6498868846507265 
5.572108745776021 0.7393985845620322 
6.776146485842928 0.686759888984393 
3.236687082881469 0.8414360700567054 
5.085872767514652 0.7528017677686105 
5.937217084941686 0.7219487767391537 
5.443800761377351 0.7920590386817618 
4.590813559370243 0.7892431671241434 
4.797316748792895 0.7763967306331104 
4.361116014526509 0.8185765085528214 
3.771332344210357 0.8096912610556403 
5.71156398285166 0.7689902550654143 
25.262380119631008 0.3447601533269191 
5.700818495768813 0.7576631843264688 
5.594936576727085 0.7508208947536851 
6.758686340853223 0.716097140950175 
5.311808433546599 0.7504423639417127 
7.175416014129364 0.6753258904977884 
8.94618638766363 0.6266854944035889 
9.009690388811027 0.6242713095055746 
7.986777115196589 0.6475174080265761 
7.728969774761326 0.6546195386222754 
5.7162389547670625 0.7253642504709041 
7.489685645236649 0.6685847446170261 
8.225121688003782 0.6387468741189206 
8.129455233361885 0.6398132748444458 
6.616658663873763 0.7318120959575002 
6.990148839463469 0.687068440319015 
5.711661929188452 0.7384571658596903 
6.531241628144678 0.7072336290702393 
6.34648090295192 0.714404876305983 
10.12159549973437 0.5708231184153144 
6.069079535401754 0.7172238467803944 
4.748840747650004 0.7722325241886567 
7.606968450002939 0.6538726072233177 
6.037337045862585 0.7133324433168666 
5.892872118297791 0.7182284919850478 
2.8504649217799605 0.8785081067766601 
5.361697538072697 0.7414544395508395 
3.6489180491488047 0.8154894989649496 
6.7821759727577655 0.691592884237882 
5.045151000381059 0.7668742233998871 
5.531289328689406 0.7880470520509759 
6.967126779910998 0.6839921051603666 
6.156564707912948 0.7294056682461232 
7.269250165659934 0.6949218476519972 
7.764931549004091 0.660460615915643 
7.073295616349035 0.6803521040950617 
9.296110166923466 0.5968896120229242 
6.504768098372392 0.7143421681593216 
5.372731620490585 0.7620288037523588 
4.537686270681001 0.7737491035564374 
5.153902290903284 0.7502442107336426 
5.562777920359757 0.7432575342845863 
4.467202099855444 0.808590818189849 
7.100843118162736 0.6737074530778395 
5.489905676969323 0.7377153924437468 
22.691441123908064 0.2869435581174695 
8.804447322419596 0.6140052904113511 
4.694096316608452 0.7815616671564403 
8.765398639542408 0.6325603854058096 
8.398818418692988 0.7065367997770066 
7.540032993176295 0.6647139544884086 
6.491111167498442 0.7341997865693617 
7.743126315055058 0.6618379326523646 
6.75571629015728 0.6864518858336291 
7.153947456790517 0.6761921464859323 
20.12743143297537 0.3332051451422169 
9.752301702890573 0.6180369045174932 
6.310386026064621 0.7649344959933805 
5.65317561599235 0.746896191328522 
7.339285764635649 0.6648497558023978 
6.248058591335892 0.7329258547729762 
5.983943458737442 0.7305373453827992 
5.978538772539046 0.7298302783622332 
5.9940413900100005 0.7319700691634043 
7.789204231383578 0.6589688394660733 
7.733245013699602 0.674811309389014 
5.8089648442426505 0.7549197995963236 
5.836511323528324 0.7318643648023039 
6.236721707829502 0.7178384737216063 
7.408262968845043 0.6972416849948867 
7.016696161910058 0.7102677442238707 
6.775343582495798 0.7210937968816522 
7.964858930010012 0.6575290494634811 
5.778345026450482 0.7378825587197679 
4.5830541550175115 0.7658003919015217 
4.067933706094443 0.7904644180718778 
8.924174923681438 0.6071365026445864 
9.775975536189309 0.5872674227629642 
8.355799272773755 0.6407553364391154 
7.552100752791446 0.6582161158346272 
5.442361678243715 0.7370647261786072 
5.1536384262929404 0.7580785437670062 
6.245622453576556 0.7210604024519119 
6.434184907058616 0.6973608378123712 
6.4871450140412845 0.7071950284705899 
5.846685658226044 0.7808105309851442 
10.327109975484099 0.5924159068807417 
6.312927470702772 0.7530917520684577 
7.322968107751709 0.7105607185450473 
5.840134503102928 0.7878658379754679 
3.688714226514374 0.818382283400679 
6.014724616827404 0.7685122109118896 
6.634037745597361 0.7216915151470708 
3.8050074472375046 0.8613330280603602 
8.533814419569206 0.6391925305515357 
7.359846846199167 0.7063401319609155 
8.305240349394348 0.6337410092191296 
6.624487270195243 0.6920545131906389 
4.5936994429712605 0.7770863994091459 
6.105449125761243 0.7234104655306354 
5.0851997981913595 0.7445266603820606 
8.019651821293241 0.639005034000214 
9.693420064397737 0.6134537408490028 
9.570229872328916 0.6226220376488176 
8.89763032536821 0.629658531415022 
7.9014551791882965 0.6444501705950182 
8.021384411889255 0.6494201067136336 
5.1288250131313955 0.7549344571621839 
7.457313130026506 0.6790912599242729 
6.751210114208646 0.7144705756869257 
7.12019681645999 0.6676914398168224 
7.224883811473943 0.6668721602839313 
10.430589636085923 0.5546456117073383 
6.984002477606969 0.6819508106923794 
8.382268827439935 0.6621314504759093 
7.606155781013039 0.6709097329893592 
6.334041986101181 0.7003496767121697 
9.29401330739377 0.5792582898246595 
6.600161763800168 0.6980939067746299 
7.297418522652857 0.6543499652195535 
8.243555558417247 0.6771786585819611 
7.924088447099277 0.6617552329112449 
7.837943076945779 0.6764153317618561 
6.934515478281067 0.6745750484510311 
7.220456281788551 0.6685562279124522 
6.290939760695959 0.7224921727013182 
6.426868126115859 0.7288640208086614 
7.9921711719927 0.6483626117057437 
22.296080586284965 0.29016647672940205 
8.253203800711846 0.685203466252853 
9.604395077705167 0.5882665652850563 
7.2773540628804945 0.6556307410306856 
6.575053397599278 0.6966938932783567 
7.9113430615226 0.6723739835147817 
8.100970393034247 0.6416785549351094 
7.748842352058347 0.657874281021166 
5.697666531640034 0.7287032603100955 
9.29382824293913 0.6098815151517796 
9.595706390179995 0.5947526300673376 
9.443874832626792 0.6051646891965522 
8.159209651297383 0.632935715819095 
