745 441 
745 441 
745 441 
745 441 
745 441 
752 438 
752 438 
752 438 
752 438 
752 438 
761 437 
761 437 
761 437 
761 437 
761 437 
767 435 
767 435 
767 435 
767 435 
767 435 
772 434 
772 434 
772 434 
772 434 
772 434 
769 436 
769 436 
769 436 
769 436 
769 436 
774 436 
774 436 
774 436 
774 436 
774 436 
767 433 
767 433 
767 433 
767 433 
767 433 
766 436 
766 436 
766 436 
766 436 
766 436 
760 431 
760 431 
760 431 
760 431 
760 431 
758 432 
758 432 
758 432 
758 432 
758 432 
752 430 
752 430 
752 430 
752 430 
752 430 
744 429 
744 429 
744 429 
744 429 
744 429 
738 429 
738 429 
738 429 
738 429 
738 429 
730 430 
730 430 
730 430 
730 430 
730 430 
720 430 
720 430 
720 430 
720 430 
720 430 
710 430 
710 430 
710 430 
710 430 
710 430 
701 434 
701 434 
701 434 
701 434 
701 434 
692 436 
692 436 
692 436 
692 436 
692 436 
686 437 
686 437 
686 437 
686 437 
686 437 
681 440 
681 440 
681 440 
681 440 
681 440 
674 440 
674 440 
674 440 
674 440 
674 440 
667 441 
667 441 
667 441 
667 441 
667 441 
661 441 
661 441 
661 441 
661 441 
661 441 
656 438 
656 438 
656 438 
656 438 
656 438 
651 440 
651 440 
651 440 
651 440 
651 440 
653 431 
653 431 
653 431 
653 431 
653 431 
652 433 
652 433 
652 433 
652 433 
652 433 
649 437 
649 437 
649 437 
649 437 
649 437 
652 435 
652 435 
652 435 
652 435 
652 435 
645 429 
645 429 
645 429 
645 429 
645 429 
648 426 
648 426 
648 426 
648 426 
648 426 
648 430 
648 430 
648 430 
648 430 
648 430 
648 433 
648 433 
648 433 
648 433 
648 433 
650 435 
650 435 
650 435 
650 435 
650 435 
650 435 
650 435 
650 435 
650 435 
650 435 
652 437 
652 437 
652 437 
652 437 
652 437 
654 433 
654 433 
654 433 
654 433 
654 433 
656 431 
656 431 
656 431 
656 431 
656 431 
660 431 
660 431 
660 431 
660 431 
660 431 
664 431 
664 431 
664 431 
664 431 
664 431 
663 430 
663 430 
663 430 
663 430 
663 430 
661 429 
661 429 
661 429 
661 429 
661 429 
663 427 
663 427 
663 427 
663 427 
663 427 
667 426 
667 426 
667 426 
667 426 
667 426 
665 425 
665 425 
665 425 
665 425 
665 425 
668 426 
668 426 
668 426 
668 426 
668 426 
669 426 
669 426 
669 426 
669 426 
669 426 
671 425 
671 425 
671 425 
671 425 
671 425 
669 422 
669 422 
669 422 
669 422 
669 422 
664 422 
664 422 
664 422 
664 422 
664 422 
658 420 
658 420 
658 420 
658 420 
658 420 
652 422 
652 422 
652 422 
652 422 
652 422 
650 415 
650 415 
650 415 
650 415 
650 415 
646 423 
646 423 
646 423 
646 423 
646 423 
646 415 
646 415 
646 415 
646 415 
646 415 
641 414 
641 414 
641 414 
641 414 
641 414 
645 415 
645 415 
645 415 
645 415 
645 415 
640 418 
640 418 
640 418 
640 418 
640 418 
639 415 
639 415 
639 415 
639 415 
639 415 
638 418 
638 418 
638 418 
638 418 
638 418 
638 416 
638 416 
638 416 
638 416 
638 416 
639 414 
639 414 
639 414 
639 414 
639 414 
638 409 
638 409 
638 409 
638 409 
638 409 
643 409 
643 409 
643 409 
643 409 
643 409 
643 410 
643 410 
643 410 
643 410 
643 410 
645 410 
645 410 
645 410 
645 410 
645 410 
649 407 
649 407 
649 407 
649 407 
649 407 
653 408 
653 408 
653 408 
653 408 
653 408 
651 410 
651 410 
651 410 
651 410 
651 410 
652 404 
652 404 
652 404 
652 404 
652 404 
658 409 
658 409 
658 409 
658 409 
658 409 
659 414 
659 414 
659 414 
659 414 
659 414 
660 411 
660 411 
660 411 
660 411 
660 411 
655 408 
655 408 
655 408 
655 408 
655 408 
651 409 
651 409 
651 409 
651 409 
651 409 
649 403 
649 403 
649 403 
649 403 
649 403 
647 405 
647 405 
647 405 
647 405 
647 405 
650 411 
650 411 
650 411 
650 411 
650 411 
651 413 
651 413 
651 413 
651 413 
651 413 
650 409 
650 409 
650 409 
650 409 
650 409 
652 412 
652 412 
652 412 
652 412 
652 412 
651 409 
651 409 
651 409 
651 409 
651 409 
652 409 
652 409 
652 409 
652 409 
652 409 
647 411 
647 411 
647 411 
647 411 
647 411 
647 413 
647 413 
647 413 
647 413 
647 413 
646 415 
646 415 
646 415 
646 415 
646 415 
645 422 
645 422 
645 422 
645 422 
645 422 
640 420 
640 420 
640 420 
640 420 
640 420 
644 422 
644 422 
644 422 
644 422 
644 422 
638 420 
638 420 
638 420 
638 420 
638 420 
635 421 
635 421 
635 421 
635 421 
635 421 
632 423 
632 423 
632 423 
632 423 
632 423 
630 421 
630 421 
630 421 
630 421 
630 421 
626 422 
626 422 
626 422 
626 422 
626 422 
624 421 
624 421 
624 421 
624 421 
624 421 
625 424 
625 424 
625 424 
625 424 
625 424 
623 423 
623 423 
623 423 
623 423 
623 423 
621 426 
621 426 
621 426 
621 426 
621 426 
620 423 
620 423 
620 423 
620 423 
620 423 
