3.905124837953327 0.9188835586567815 
3.2015621187164243 0.9326500732064422 
4.5 0.9305019305019305 
1.118033988749895 0.9771726431203379 
1.8027756377319946 0.9617751092352049 
4.924428900898052 0.9036631093164119 
0.5 0.9920318725099602 
2.692582403567252 0.9466155434301725 
2.692582403567252 0.9466155434301725 
4.6097722286464435 0.9169885852043336 
4.6097722286464435 0.9169885852043336 
4.5 0.9305019305019305 
5.5 0.9157088122605364 
6.576473218982953 0.8882499356278432 
4.924428900898052 0.9036631093164119 
3.640054944640259 0.931688471331987 
3.905124837953327 0.9188835586567815 
6.726812023536855 0.8647755205831662 
6.726812023536855 0.8647755205831662 
6.726812023536855 0.8647755205831662 
8.139410298049853 0.839157331549908 
8.139410298049853 0.839157331549908 
6.726812023536855 0.8647755205831662 
7.632168761236874 0.8506056527590848 
7.632168761236874 0.8506056527590848 
5.408326913195984 0.8905216120993383 
6.800735254367722 0.8639855399909625 
6.726812023536855 0.8647755205831662 
6.946221994724902 0.865355265389181 
8.32165848854662 0.8397212543554007 
10.594810050208546 0.8154811024921604 
8.5 0.8374164810690423 
6.264982043070834 0.8766527339418237 
9.013878188659973 0.8254736550961139 
6.726812023536855 0.8647755205831662 
6.264982043070834 0.8766527339418237 
5.315072906367325 0.8913342503438789 
6.264982043070834 0.8766527339418237 
6.726812023536855 0.8647755205831662 
6.800735254367722 0.8639855399909625 
4.272001872658765 0.9194974406700791 
6.020797289396148 0.8775603095129723 
7.433034373659253 0.8514882037759138 
6.020797289396148 0.8775603095129723 
6.020797289396148 0.8775603095129723 
8.5 0.8374164810690423 
7.433034373659253 0.8514882037759138 
8.845903006477066 0.8263323924954342 
8.845903006477066 0.8263323924954342 
9.394147114027968 0.8244139761167625 
8.139410298049853 0.839157331549908 
9.17877987534291 0.8274448997674161 
8.73212459828649 0.8400802944128472 
8.32165848854662 0.8397212543554007 
6.5 0.8787361229718189 
10.307764064044152 0.802687643395608 
11.412712210513327 0.7914336898105423 
10.307764064044152 0.802687643395608 
7.5 0.8521636639164842 
10.547511554864494 0.8031308909105811 
8.845903006477066 0.8263323924954342 
9.013878188659973 0.8254736550961139 
10.965856099730654 0.7905588714053174 
10.735455276791944 0.8001800180018002 
7.632168761236874 0.8506056527590848 
11.236102527122116 0.7889087656529516 
9.604686356149273 0.8136850783182193 
13.0862523283024 0.7559262510974539 
10.965856099730654 0.7905588714053174 
10.965856099730654 0.7905588714053174 
10.965856099730654 0.7905588714053174 
10.404326023342406 0.8012117242508596 
8.200609733428363 0.8383889028160776 
9.013878188659973 0.8254736550961139 
8.845903006477066 0.8263323924954342 
12.093386622447824 0.7767727346147634 
11.01135777277262 0.7898305084745763 
11.672617529928752 0.7785922173116309 
10.404326023342406 0.8012117242508596 
11.01135777277262 0.7898305084745763 
10.307764064044152 0.8115942028985508 
8.5 0.8374164810690423 
8.077747210701755 0.8495166036149643 
12.539936203984453 0.7755777353313067 
9.013878188659973 0.8362407144645689 
9.86154146165801 0.8127386085857893 
8.5 0.8374164810690423 
10.404326023342406 0.8012117242508596 
9.7082439194738 0.8348623853211009 
11.715374513859981 0.7792155276991508 
8.5 0.8374164810690423 
10.404326023342406 0.8012117242508596 
7.158910531638177 0.8629858582437124 
8.5 0.8374164810690423 
11.236102527122116 0.7989533362407326 
11.236102527122116 0.7889087656529516 
9.394147114027968 0.8244139761167625 
9.394147114027968 0.8244139761167625 
9.962429422585638 0.8231540565177757 
10.735455276791944 0.8001800180018002 
9.013878188659973 0.8254736550961139 
9.604686356149273 0.8136850783182193 
8.558621384311845 0.8603602333906475 
9.604686356149273 0.8136850783182193 
10.307764064044152 0.8115942028985508 
11.236102527122116 0.7989533362407326 
9.7082439194738 0.8348623853211009 
9.86154146165801 0.8127386085857893 
9.013878188659973 0.8254736550961139 
6.264982043070834 0.8766527339418237 
8.077747210701755 0.8495166036149643 
7.762087348130012 0.8617771509167842 
8.077747210701755 0.8495166036149643 
9.394147114027968 0.8244139761167625 
7.762087348130012 0.8617771509167842 
9.013878188659973 0.8362407144645689 
11.543396380615196 0.8200369522653945 
8.5 0.8374164810690423 
9.5 0.8587360594795539 
9.5 0.8587360594795539 
12.5 0.8181818181818182 
10.920164833920778 0.8102526125236567 
9.013878188659973 0.8362407144645689 
8.73212459828649 0.8482217866143937 
7.5 0.8521636639164842 
3.640054944640259 0.931688471331987 
6.800735254367722 0.875532821824382 
4.716990566028302 0.9053117782909931 
4.6097722286464435 0.9045970045883474 
8.73212459828649 0.8482217866143937 
9.962429422585638 0.8231540565177757 
8.73212459828649 0.8482217866143937 
9.5 0.8587360594795539 
6.5 0.9011406844106464 
11.543396380615196 0.8200369522653945 
10.688779163215974 0.8216947281258625 
10.5 0.8450184501845018 
11.5 0.8315018315018315 
10.547511554864494 0.8332824088219771 
8.558621384311845 0.8603602333906475 
11.543396380615196 0.8200369522653945 
10.5 0.8450184501845018 
17.95132307101624 0.7151767151767152 
8.558621384311845 0.8603602333906475 
9.5524865872714 0.8467220683287165 
7.632168761236874 0.8506056527590848 
8.077747210701755 0.8495166036149643 
4.6097722286464435 0.9169885852043336 
7.5 0.8867924528301887 
9.5524865872714 0.8467220683287165 
9.962429422585638 0.8231540565177757 
9.5 0.8587360594795539 
9.5524865872714 0.8467220683287165 
9.5524865872714 0.8467220683287165 
12.175795661885921 0.7864876569943698 
11.5 0.8315018315018315 
11.5 0.8315018315018315 
8.558621384311845 0.8603602333906475 
14.534441853748634 0.7814245998542471 
10.5 0.8450184501845018 
12.5 0.8181818181818182 
10.5 0.8450184501845018 
9.5524865872714 0.8467220683287165 
9.5 0.8587360594795539 
7.5 0.8867924528301887 
10.5 0.8450184501845018 
12.658988901172163 0.7959183673469388 
9.5 0.8587360594795539 
10.547511554864494 0.8332824088219771 
9.5524865872714 0.8467220683287165 
9.7082439194738 0.8348623853211009 
10.547511554864494 0.8332824088219771 
7.762087348130012 0.8617771509167842 
10.547511554864494 0.8332824088219771 
10.547511554864494 0.8332824088219771 
8.5 0.8726591760299626 
10.547511554864494 0.8332824088219771 
8.73212459828649 0.8482217866143937 
11.672617529928752 0.8087147163606467 
11.884864324004713 0.7975324781436391 
5.5 0.9157088122605364 
12.539936203984453 0.8069815195071869 
13.536986370680884 0.7941120504526056 
13.536986370680884 0.7941120504526056 
10.5 0.8450184501845018 
10.5 0.8450184501845018 
13.536986370680884 0.7941120504526056 
11.5 0.8315018315018315 
11.5 0.8315018315018315 
12.5 0.8181818181818182 
11.5 0.8315018315018315 
13.536986370680884 0.7941120504526056 
11.543396380615196 0.8200369522653945 
8.558621384311845 0.8603602333906475 
13.82931668593933 0.7726210619611635 
10.5 0.8450184501845018 
13.5 0.8050541516245487 
11.543396380615196 0.8200369522653945 
10.547511554864494 0.8332824088219771 
14.637281168304447 0.7708612825328682 
13.647344063956181 0.7833018103215347 
11.5 0.8315018315018315 
13.5 0.8050541516245487 
12.539936203984453 0.8069815195071869 
14.5 0.7921146953405018 
13.536986370680884 0.7941120504526056 
10.547511554864494 0.8332824088219771 
14.807092894960848 0.7604225014003361 
10.5 0.8450184501845018 
10.5 0.8450184501845018 
11.543396380615196 0.8200369522653945 
7.566372975210778 0.8742013346585262 
11.5 0.8315018315018315 
12.658988901172163 0.7959183673469388 
11.672617529928752 0.8087147163606467 
12.539936203984453 0.8069815195071869 
15.532224567009067 0.7689153332797298 
13.536986370680884 0.7941120504526056 
13.5 0.8050541516245487 
16.53027525481654 0.7565805232480771 
14.807092894960848 0.7604225014003361 
10.547511554864494 0.8332824088219771 
5.852349955359813 0.8894932722588034 
8.077747210701755 0.8495166036149643 
10.547511554864494 0.8332824088219771 
12.539936203984453 0.8069815195071869 
13.536986370680884 0.7941120504526056 
12.5 0.8181818181818182 
14.637281168304447 0.7708612825328682 
13.647344063956181 0.7833018103215347 
12.5 0.8181818181818182 
12.658988901172163 0.7959183673469388 
13.647344063956181 0.7833018103215347 
12.539936203984453 0.8069815195071869 
11.884864324004713 0.7975324781436391 
11.884864324004713 0.7975324781436391 
15.787653403846944 0.7483906858459827 
5.220153254455275 0.9058069359822125 
13.82931668593933 0.7726210619611635 
12.539936203984453 0.8069815195071869 
11.543396380615196 0.8200369522653945 
11.543396380615196 0.8200369522653945 
12.5 0.8181818181818182 
13.536986370680884 0.7941120504526056 
10.688779163215974 0.8216947281258625 
14.534441853748634 0.7814245998542471 
14.637281168304447 0.7708612825328682 
12.5 0.8181818181818182 
11.672617529928752 0.8087147163606467 
14.534441853748634 0.7814245998542471 
13.5 0.8050541516245487 
15.532224567009067 0.7689153332797298 
14.5 0.7921146953405018 
15.532224567009067 0.7689153332797298 
16.5 0.7667844522968198 
16.5 0.7667844522968198 
14.534441853748634 0.7814245998542471 
17.755280904564703 0.7248137985103881 
13.647344063956181 0.7833018103215347 
13.536986370680884 0.7941120504526056 
9.7082439194738 0.8348623853211009 
13.536986370680884 0.7941120504526056 
17.528548142958105 0.7444165455266288 
16.77050983124842 0.736522219591128 
18.741664813991314 0.7132622069932248 
19.60229578391266 0.711174487943998 
17.5 0.7543859649122807 
18.527007313648905 0.7324198755807544 
17.613914953808536 0.7345597897503285 
19.1637678967368 0.6945236077948086 
16.977926846349646 0.7266638760987861 
15.628499608087784 0.7585931254996003 
16.977926846349646 0.7266638760987861 
17.95132307101624 0.7151767151767152 
17.95132307101624 0.7151767151767152 
17.613914953808536 0.7345597897503285 
20.130822139197395 0.6835446266867331 
19.448650338776723 0.6853071855370002 
18.200274723201296 0.7056467243829952 
22.005681084665387 0.6465422612513722 
18.200274723201296 0.7056467243829952 
22.073740054644116 0.6620080078567652 
20.59732992404598 0.6997167138810199 
22.522211259110417 0.6860390854515264 
19.72941965694886 0.7018643149996132 
21.523243250030884 0.6973998919836433 
20.524375751773793 0.708914839077186 
21.523243250030884 0.6973998919836433 
20.524375751773793 0.708914839077186 
19.72941965694886 0.7018643149996132 
17.613914953808536 0.7345597897503285 
19.72941965694886 0.7018643149996132 
20.71834935510066 0.6906170752324599 
19.60229578391266 0.711174487943998 
20.130822139197395 0.6835446266867331 
21.70829334609241 0.6795175204214062 
18.741664813991314 0.7132622069932248 
20.524375751773793 0.708914839077186 
20.59732992404598 0.6997167138810199 
18.607794065928395 0.7227877838684417 
17.5 0.7543859649122807 
18.607794065928395 0.7227877838684417 
17.755280904564703 0.7248137985103881 
16.62077013859466 0.7464937814236571 
14.773286702694158 0.7413329111920215 
16.977926846349646 0.7266638760987861 
18.200274723201296 0.7056467243829952 
19.1637678967368 0.6945236077948086 
18.200274723201296 0.7056467243829952 
17.240939649566666 0.7169168335891366 
15.787653403846944 0.7483906858459827 
17.55704986607944 0.7072792177557039 
17.755280904564703 0.7248137985103881 
16.977926846349646 0.7266638760987861 
16.977926846349646 0.7266638760987861 
19.90602923739438 0.6926549035699631 
13.647344063956181 0.7833018103215347 
18.9274932307477 0.7038413878562577 
16.977926846349646 0.7266638760987861 
16.62077013859466 0.7464937814236571 
12.539936203984453 0.8069815195071869 
18.9274932307477 0.7038413878562577 
17.240939649566666 0.7169168335891366 
18.9274932307477 0.7038413878562577 
16.977926846349646 0.7266638760987861 
18.741664813991314 0.7132622069932248 
15.337861650177967 0.7399098410355099 
15.337861650177967 0.7399098410355099 
16.00781059358212 0.7383059418457648 
17.95132307101624 0.7151767151767152 
17.755280904564703 0.7248137985103881 
17.95132307101624 0.7151767151767152 
17.755280904564703 0.7248137985103881 
16.62077013859466 0.7464937814236571 
17.528548142958105 0.7444165455266288 
17.528548142958105 0.7444165455266288 
14.807092894960848 0.7604225014003361 
17.95132307101624 0.7151767151767152 
14.534441853748634 0.7814245998542471 
14.5 0.7921146953405018 
18.527007313648905 0.7324198755807544 
15.532224567009067 0.7689153332797298 
15.5 0.7793594306049823 
14.534441853748634 0.7814245998542471 
15.532224567009067 0.7689153332797298 
15.532224567009067 0.7689153332797298 
15.628499608087784 0.7585931254996003 
13.536986370680884 0.7941120504526056 
15.532224567009067 0.7689153332797298 
14.534441853748634 0.7814245998542471 
18.9274932307477 0.7038413878562577 
16.5 0.7667844522968198 
14.534441853748634 0.7814245998542471 
17.5 0.7543859649122807 
17.613914953808536 0.7345597897503285 
16.62077013859466 0.7464937814236571 
18.607794065928395 0.7227877838684417 
17.755280904564703 0.7248137985103881 
18.527007313648905 0.7324198755807544 
16.62077013859466 0.7464937814236571 
17.528548142958105 0.7444165455266288 
18.527007313648905 0.7324198755807544 
17.613914953808536 0.7345597897503285 
17.5 0.7543859649122807 
15.532224567009067 0.7689153332797298 
17.613914953808536 0.7345597897503285 
16.77050983124842 0.736522219591128 
15.532224567009067 0.7689153332797298 
15.628499608087784 0.7585931254996003 
17.5 0.7543859649122807 
15.532224567009067 0.7689153332797298 
14.5 0.7921146953405018 
15.628499608087784 0.7585931254996003 
18.607794065928395 0.7227877838684417 
15.532224567009067 0.7689153332797298 
17.528548142958105 0.7444165455266288 
16.5 0.7667844522968198 
15.628499608087784 0.7585931254996003 
11.543396380615196 0.8200369522653945 
17.95132307101624 0.7151767151767152 
18.741664813991314 0.7132622069932248 
15.628499608087784 0.7585931254996003 
16.977926846349646 0.7266638760987861 
17.613914953808536 0.7345597897503285 
21.70829334609241 0.6795175204214062 
17.755280904564703 0.7248137985103881 
18.741664813991314 0.7132622069932248 
17.755280904564703 0.7248137985103881 
17.755280904564703 0.7248137985103881 
19.60229578391266 0.711174487943998 
16.62077013859466 0.7464937814236571 
19.525624189766635 0.7205870851690607 
18.5 0.7421602787456446 
18.5 0.7421602787456446 
17.528548142958105 0.7444165455266288 
13.536986370680884 0.7941120504526056 
19.525624189766635 0.7205870851690607 
19.60229578391266 0.711174487943998 
19.60229578391266 0.711174487943998 
19.60229578391266 0.711174487943998 
18.607794065928395 0.7227877838684417 
21.592822881689184 0.6884113584036838 
16.53027525481654 0.7565805232480771 
19.60229578391266 0.711174487943998 
6.5 0.8787361229718189 
16.5 0.7667844522968198 
19.60229578391266 0.711174487943998 
17.528548142958105 0.7444165455266288 
20.71834935510066 0.6906170752324599 
17.528548142958105 0.7444165455266288 
18.527007313648905 0.7324198755807544 
18.527007313648905 0.7324198755807544 
17.528548142958105 0.7444165455266288 
18.527007313648905 0.7324198755807544 
6.020797289396148 0.8775603095129723 
19.60229578391266 0.711174487943998 
20.5 0.718213058419244 
19.5 0.7301038062283737 
17.5 0.7543859649122807 
20.5 0.718213058419244 
18.527007313648905 0.7324198755807544 
19.525624189766635 0.7205870851690607 
20.524375751773793 0.708914839077186 
19.5 0.7301038062283737 
20.5 0.718213058419244 
21.523243250030884 0.6973998919836433 
20.59732992404598 0.6997167138810199 
26.575364531836623 0.6340678385739045 
20.524375751773793 0.708914839077186 
21.523243250030884 0.6973998919836433 
20.5 0.718213058419244 
19.525624189766635 0.7205870851690607 
20.524375751773793 0.708914839077186 
19.72941965694886 0.7018643149996132 
19.1637678967368 0.6945236077948086 
16.53027525481654 0.7565805232480771 
17.528548142958105 0.7444165455266288 
17.528548142958105 0.7444165455266288 
16.53027525481654 0.7565805232480771 
17.755280904564703 0.7248137985103881 
19.90602923739438 0.6926549035699631 
20.59732992404598 0.6997167138810199 
17.613914953808536 0.7345597897503285 
19.525624189766635 0.7205870851690607 
22.522211259110417 0.6860390854515264 
18.607794065928395 0.7227877838684417 
20.5 0.718213058419244 
20.524375751773793 0.708914839077186 
22.522211259110417 0.6860390854515264 
22.073740054644116 0.6620080078567652 
21.5 0.7064846416382252 
20.524375751773793 0.708914839077186 
21.86892772862904 0.6707168894289186 
19.525624189766635 0.7205870851690607 
20.5 0.718213058419244 
17.528548142958105 0.7444165455266288 
16.53027525481654 0.7565805232480771 
18.9274932307477 0.7038413878562577 
19.60229578391266 0.711174487943998 
19.90602923739438 0.6926549035699631 
16.5 0.7667844522968198 
19.60229578391266 0.711174487943998 
18.607794065928395 0.7227877838684417 
19.5 0.7301038062283737 
17.5 0.7543859649122807 
19.5 0.7301038062283737 
19.72941965694886 0.7018643149996132 
19.5 0.7301038062283737 
19.525624189766635 0.7205870851690607 
16.28649747490233 0.7283368685678372 
17.613914953808536 0.7345597897503285 
16.5 0.7667844522968198 
18.527007313648905 0.7324198755807544 
17.528548142958105 0.7444165455266288 
19.5 0.7301038062283737 
19.60229578391266 0.711174487943998 
15.628499608087784 0.7585931254996003 
20.59732992404598 0.6997167138810199 
17.613914953808536 0.7345597897503285 
20.524375751773793 0.708914839077186 
19.525624189766635 0.7205870851690607 
21.523243250030884 0.6973998919836433 
18.527007313648905 0.7324198755807544 
19.525624189766635 0.7205870851690607 
20.524375751773793 0.708914839077186 
21.523243250030884 0.6973998919836433 
18.5 0.7421602787456446 
3.2015621187164243 0.9326500732064422 
22.5 0.6949152542372882 
17.613914953808536 0.7345597897503285 
17.755280904564703 0.7248137985103881 
20.59732992404598 0.6997167138810199 
20.524375751773793 0.708914839077186 
19.60229578391266 0.711174487943998 
18.607794065928395 0.7227877838684417 
18.9274932307477 0.7038413878562577 
18.527007313648905 0.7324198755807544 
17.528548142958105 0.7444165455266288 
18.527007313648905 0.7324198755807544 
16.53027525481654 0.7565805232480771 
