6.4031242374328485 0.8780487804878049 
6.4031242374328485 0.8772856562373019 
7.810249675906654 0.8533747868819577 
4.0 0.9444444444444444 
2.0 0.9701492537313433 
6.708203932499369 0.8763326226012793 
4.242640687119285 0.9163166899984445 
5.0 0.9028006589785832 
16.401219466856727 0.7198697068403909 
7.280109889280518 0.8751902587519026 
4.0 0.9411764705882353 
5.0990195135927845 0.9143315895789093 
4.0 0.9411764705882353 
6.0 0.9130434782608695 
6.708203932499369 0.8763326226012793 
3.1622776601683795 0.9422985968784486 
5.656854249492381 0.8903436988543372 
13.45362404707371 0.7625178826895566 
7.810249675906654 0.8533747868819577 
10.295630140987 0.8157700810611643 
9.899494936611665 0.8175559380378657 
9.899494936611665 0.8175559380378657 
9.219544457292887 0.8295218295218295 
10.0 0.8167518678725915 
11.661903789690601 0.7931302154084999 
9.219544457292887 0.8287976249381495 
10.0 0.8167518678725915 
8.06225774829855 0.8539325842696629 
9.848857801796104 0.8304278922345484 
10.770329614269007 0.8188976377952756 
12.083045973594572 0.7961802011955096 
9.433981132056603 0.827893175074184 
7.0710678118654755 0.8652535957607873 
8.602325267042627 0.8416463201953261 
7.615773105863909 0.8663838812301167 
7.0710678118654755 0.8652535957607873 
7.615773105863909 0.8663838812301167 
7.211102550927978 0.8659127625201939 
8.06225774829855 0.8539325842696629 
8.06225774829855 0.8539325842696629 
7.0710678118654755 0.8917950555356503 
6.708203932499369 0.8786215309545593 
9.433981132056603 0.8300653594771242 
6.708203932499369 0.8786215309545593 
7.615773105863909 0.8663838812301167 
8.48528137423857 0.8410041841004184 
8.54400374531753 0.8543046357615894 
8.54400374531753 0.8543046357615894 
10.295630140987 0.8186291393987108 
10.0 0.8181818181818182 
9.848857801796104 0.8304278922345484 
11.40175425099138 0.8189871548796692 
10.198039027185569 0.8424725822532403 
10.198039027185569 0.8424725822532403 
9.0 0.8791946308724832 
10.198039027185569 0.8424725822532403 
11.180339887498949 0.8306092124814265 
9.848857801796104 0.8304278922345484 
8.54400374531753 0.8543046357615894 
10.44030650891055 0.8306092124814265 
8.54400374531753 0.8543046357615894 
7.615773105863909 0.8663838812301167 
10.295630140987 0.8186291393987108 
9.219544457292887 0.8295218295218295 
9.433981132056603 0.8300653594771242 
10.295630140987 0.8186291393987108 
8.94427190999916 0.8421052631578947 
12.529964086141668 0.7849898580121704 
12.36931687685298 0.8075117370892019 
11.180339887498949 0.8073349633251834 
9.848857801796104 0.8304278922345484 
6.708203932499369 0.8786215309545593 
7.615773105863909 0.8663838812301167 
6.708203932499369 0.8786215309545593 
7.211102550927978 0.8659127625201939 
7.810249675906654 0.8526315789473684 
7.810249675906654 0.8533747868819577 
8.06225774829855 0.8539325842696629 
7.0710678118654755 0.8652535957607873 
6.4031242374328485 0.8780487804878049 
6.4031242374328485 0.8772856562373019 
5.0 0.9035846724351051 
5.0 0.9028006589785832 
7.810249675906654 0.8526315789473684 
4.47213595499958 0.9154228855721394 
5.0 0.9035846724351051 
4.242640687119285 0.9163166899984445 
7.810249675906654 0.8526315789473684 
8.48528137423857 0.8410041841004184 
8.54400374531753 0.8543046357615894 
5.0 0.9028006589785832 
5.0 0.9028006589785832 
3.0 0.9555555555555556 
3.605551275463989 0.9292201691199499 
5.0990195135927845 0.9143315895789093 
4.47213595499958 0.9154228855721394 
5.0990195135927845 0.9143315895789093 
5.0 0.927007299270073 
6.082762530298219 0.9006479481641468 
5.0990195135927845 0.9143315895789093 
5.0990195135927845 0.9143315895789093 
4.123105625617661 0.9282136894824707 
5.0 0.9028006589785832 
4.123105625617661 0.9282136894824707 
7.211102550927978 0.8659127625201939 
6.324555320336759 0.8884120171673819 
11.704699910719626 0.8025751072961373 
6.082762530298219 0.9006479481641468 
4.123105625617661 0.9282136894824707 
2.23606797749979 0.9565907887771308 
3.605551275463989 0.9292201691199499 
5.830951894845301 0.8894739532743725 
3.605551275463989 0.9292201691199499 
6.324555320336759 0.8884120171673819 
7.615773105863909 0.8633728258129569 
6.4031242374328485 0.8772856562373019 
7.615773105863909 0.8633728258129569 
3.1622776601683795 0.9422985968784486 
6.4031242374328485 0.8772856562373019 
7.810249675906654 0.8526315789473684 
7.810249675906654 0.8533747868819577 
10.63014581273465 0.8064516129032258 
4.242640687119285 0.9163166899984445 
5.0 0.9028006589785832 
3.1622776601683795 0.9422985968784486 
7.0 0.9047619047619048 
3.605551275463989 0.9300261096605744 
15.556349186104045 0.7310664605873262 
5.385164807134504 0.9041731066460588 
7.211102550927978 0.864406779661017 
6.708203932499369 0.8763326226012793 
7.211102550927978 0.864406779661017 
7.810249675906654 0.8533747868819577 
7.211102550927978 0.8659127625201939 
11.40175425099138 0.7940876656472987 
7.211102550927978 0.864406779661017 
9.899494936611665 0.8175559380378657 
8.602325267042627 0.8401792382374906 
9.219544457292887 0.8287976249381495 
8.06225774829855 0.8539325842696629 
8.48528137423857 0.8410041841004184 
7.0710678118654755 0.8652535957607873 
27.65863337187866 0.6266173752310537 
6.708203932499369 0.8786215309545593 
8.94427190999916 0.8421052631578947 
7.810249675906654 0.8533747868819577 
4.242640687119285 0.9163166899984445 
7.0710678118654755 0.8917950555356503 
6.708203932499369 0.8786215309545593 
5.656854249492381 0.8903436988543372 
11.704699910719626 0.8075117370892019 
8.602325267042627 0.8416463201953261 
9.219544457292887 0.8544907175112895 
8.54400374531753 0.8543046357615894 
11.661903789690601 0.7959183673469388 
10.816653826391969 0.8069815195071869 
10.295630140987 0.8186291393987108 
8.246211251235321 0.8666666666666667 
7.810249675906654 0.8526315789473684 
8.602325267042627 0.8416463201953261 
8.602325267042627 0.8416463201953261 
8.54400374531753 0.8543046357615894 
7.0710678118654755 0.8917950555356503 
6.324555320336759 0.8915046059365405 
7.0710678118654755 0.8917950555356503 
7.280109889280518 0.8790035587188612 
9.848857801796104 0.8304278922345484 
7.615773105863909 0.8663838812301167 
8.06225774829855 0.8539325842696629 
8.06225774829855 0.8539325842696629 
6.708203932499369 0.8786215309545593 
8.54400374531753 0.8543046357615894 
7.0710678118654755 0.8917950555356503 
7.615773105863909 0.8663838812301167 
7.615773105863909 0.8663838812301167 
7.0710678118654755 0.8917950555356503 
7.615773105863909 0.8663838812301167 
6.324555320336759 0.8915046059365405 
8.06225774829855 0.8539325842696629 
5.0 0.9028006589785832 
8.246211251235321 0.8666666666666667 
8.06225774829855 0.8539325842696629 
8.602325267042627 0.8416463201953261 
10.63014581273465 0.8064516129032258 
8.54400374531753 0.8543046357615894 
9.848857801796104 0.8304278922345484 
9.433981132056603 0.8300653594771242 
9.486832980505138 0.8423807387468222 
8.06225774829855 0.8539325842696629 
9.433981132056603 0.8300653594771242 
8.246211251235321 0.8666666666666667 
8.602325267042627 0.8416463201953261 
9.486832980505138 0.8423807387468222 
9.055385138137417 0.8667609475226021 
12.36931687685298 0.8075117370892019 
6.324555320336759 0.8915046059365405 
8.06225774829855 0.8539325842696629 
7.615773105863909 0.8663838812301167 
7.280109889280518 0.8790035587188612 
9.433981132056603 0.8300653594771242 
5.830951894845301 0.8910207214121258 
6.324555320336759 0.8915046059365405 
6.708203932499369 0.8786215309545593 
5.385164807134504 0.9041731066460588 
21.02379604162864 0.6680958613530713 
5.830951894845301 0.8910207214121258 
6.0 0.9178082191780822 
6.4031242374328485 0.8772856562373019 
8.0 0.8918918918918919 
7.0 0.9047619047619048 
9.055385138137417 0.8667609475226021 
6.708203932499369 0.8786215309545593 
8.0 0.8918918918918919 
7.280109889280518 0.8790035587188612 
7.0710678118654755 0.8917950555356503 
6.082762530298219 0.9045655982685767 
5.0 0.9028006589785832 
7.211102550927978 0.8659127625201939 
5.0 0.9035846724351051 
6.4031242374328485 0.8772856562373019 
3.605551275463989 0.9292201691199499 
3.0 0.958041958041958 
16.278820596099706 0.7543193468767799 
1.0 0.9849624060150376 
4.47213595499958 0.91701244813278 
4.47213595499958 0.91701244813278 
5.385164807134504 0.9041731066460588 
4.47213595499958 0.91701244813278 
6.4031242374328485 0.8780487804878049 
6.4031242374328485 0.8780487804878049 
4.47213595499958 0.91701244813278 
5.0 0.9035846724351051 
5.0 0.9035846724351051 
4.47213595499958 0.91701244813278 
3.1622776601683795 0.9439330984063535 
5.385164807134504 0.9041731066460588 
7.0710678118654755 0.8652535957607873 
9.486832980505138 0.8379829926898403 
5.0990195135927845 0.9175097276264591 
3.1622776601683795 0.9439330984063535 
4.123105625617661 0.9306310071040534 
4.47213595499958 0.91701244813278 
1.4142135623730951 0.9710948749400032 
5.385164807134504 0.9041731066460588 
5.0 0.9310344827586207 
4.242640687119285 0.9163166899984445 
4.47213595499958 0.9154228855721394 
1.4142135623730951 0.9710948749400032 
1.0 0.9849624060150376 
3.605551275463989 0.9300261096605744 
4.242640687119285 0.9163166899984445 
3.605551275463989 0.9300261096605744 
5.0 0.9028006589785832 
4.123105625617661 0.9282136894824707 
4.47213595499958 0.9154228855721394 
4.47213595499958 0.9154228855721394 
3.0 0.9555555555555556 
7.0710678118654755 0.8652535957607873 
5.385164807134504 0.9041731066460588 
3.0 0.958041958041958 
4.47213595499958 0.91701244813278 
3.605551275463989 0.9292201691199499 
5.385164807134504 0.9018215498610682 
5.0 0.9028006589785832 
6.708203932499369 0.8763326226012793 
7.280109889280518 0.8751902587519026 
7.280109889280518 0.8751902587519026 
6.324555320336759 0.8884120171673819 
5.830951894845301 0.8894739532743725 
7.810249675906654 0.8533747868819577 
5.0 0.9035846724351051 
3.605551275463989 0.9300261096605744 
5.830951894845301 0.8910207214121258 
5.830951894845301 0.8910207214121258 
6.708203932499369 0.8786215309545593 
5.0 0.9035846724351051 
7.810249675906654 0.8533747868819577 
7.280109889280518 0.8790035587188612 
5.830951894845301 0.8910207214121258 
9.219544457292887 0.8295218295218295 
9.219544457292887 0.8295218295218295 
8.48528137423857 0.8410041841004184 
8.06225774829855 0.8517034068136272 
7.615773105863909 0.8633728258129569 
6.4031242374328485 0.8772856562373019 
6.082762530298219 0.9006479481641468 
6.082762530298219 0.9006479481641468 
7.211102550927978 0.864406779661017 
7.211102550927978 0.864406779661017 
7.280109889280518 0.8751902587519026 
5.0 0.9035846724351051 
6.4031242374328485 0.8772856562373019 
7.280109889280518 0.8751902587519026 
5.830951894845301 0.8894739532743725 
7.810249675906654 0.8526315789473684 
8.246211251235321 0.8621523579201935 
6.708203932499369 0.8763326226012793 
7.0710678118654755 0.887158539698749 
9.219544457292887 0.849294506154308 
7.280109889280518 0.8751902587519026 
7.280109889280518 0.8751902587519026 
9.219544457292887 0.849294506154308 
7.615773105863909 0.8633728258129569 
7.615773105863909 0.8633728258129569 
7.810249675906654 0.8533747868819577 
6.708203932499369 0.8763326226012793 
8.94427190999916 0.839171974522293 
8.06225774829855 0.8517034068136272 
8.94427190999916 0.839171974522293 
8.06225774829855 0.8517034068136272 
6.082762530298219 0.9006479481641468 
8.602325267042627 0.8401792382374906 
8.06225774829855 0.8738592577570472 
7.280109889280518 0.8751902587519026 
8.94427190999916 0.839171974522293 
10.295630140987 0.8157700810611643 
6.708203932499369 0.8763326226012793 
10.44030650891055 0.8255457868220883 
8.94427190999916 0.839171974522293 
9.219544457292887 0.849294506154308 
4.123105625617661 0.9282136894824707 
11.40175425099138 0.8132757690232056 
11.40175425099138 0.8132757690232056 
10.44030650891055 0.8255457868220883 
11.704699910719626 0.8025751072961373 
11.40175425099138 0.8132757690232056 
9.055385138137417 0.8607461108593868 
8.602325267042627 0.8401792382374906 
9.848857801796104 0.8268090154211151 
9.433981132056603 0.827893175074184 
11.704699910719626 0.8025751072961373 
9.848857801796104 0.8268090154211151 
10.770329614269007 0.8146111547525531 
10.198039027185569 0.836612999403697 
11.40175425099138 0.8132757690232056 
11.40175425099138 0.8132757690232056 
9.848857801796104 0.8268090154211151 
12.529964086141668 0.7815482502651113 
25.238858928247925 0.6127061698228466 
7.280109889280518 0.8751902587519026 
12.041594578792296 0.8224852071005917 
9.848857801796104 0.8268090154211151 
9.848857801796104 0.8268090154211151 
9.433981132056603 0.827893175074184 
9.219544457292887 0.8287976249381495 
11.661903789690601 0.7931302154084999 
11.180339887498949 0.8038067349926794 
9.433981132056603 0.827893175074184 
12.083045973594572 0.792 
11.661903789690601 0.7931302154084999 
15.264337522473747 0.7391304347826086 
12.649110640673518 0.7906976744186046 
11.704699910719626 0.8025751072961373 
15.524174696260024 0.7559863169897377 
14.560219778561036 0.7674062739097169 
13.92838827718412 0.7688442211055276 
15.811388300841896 0.7462792345854005 
14.317821063276353 0.7588274483677548 
15.524174696260024 0.7559863169897377 
31.064449134018133 0.6054209017461558 
14.142135623730951 0.787579802669762 
13.341664064126334 0.7892239918671636 
12.36931687685298 0.8011695906432749 
13.601470508735444 0.7789757412398922 
11.704699910719626 0.8025751072961373 
11.180339887498949 0.8241042345276873 
12.165525060596439 0.8117647058823529 
11.704699910719626 0.8025751072961373 
11.40175425099138 0.8132757690232056 
13.0 0.7803468208092486 
11.40175425099138 0.8132757690232056 
10.770329614269007 0.8146111547525531 
11.40175425099138 0.8132757690232056 
14.317821063276353 0.777435798788112 
12.36931687685298 0.8011695906432749 
13.92838827718412 0.7688442211055276 
13.601470508735444 0.7789757412398922 
13.601470508735444 0.7789757412398922 
9.486832980505138 0.8379829926898403 
13.892443989449804 0.76 
14.866068747318506 0.7574893009985735 
12.649110640673518 0.7906976744186046 
13.416407864998739 0.7701149425287356 
14.317821063276353 0.7588274483677548 
19.313207915827967 0.6955684007707129 
15.652475842498529 0.7379855167873601 
17.46424919657298 0.716514954486346 
14.317821063276353 0.7588274483677548 
16.76305461424021 0.7352112676056338 
17.72004514666935 0.7242827151854444 
13.92838827718412 0.7688442211055276 
15.524174696260024 0.7559863169897377 
15.297058540778355 0.7658019205962449 
14.317821063276353 0.777435798788112 
15.524174696260024 0.7559863169897377 
11.704699910719626 0.8025751072961373 
15.524174696260024 0.7559863169897377 
18.681541692269406 0.713490959666203 
29.068883707497267 0.572899821261384 
15.811388300841896 0.7462792345854005 
14.866068747318506 0.7574893009985735 
17.72004514666935 0.7242827151854444 
13.152946437965905 0.7995910020449898 
15.033296378372908 0.7857660530511669 
4.123105625617661 0.9306310071040534 
12.165525060596439 0.8117647058823529 
17.46424919657298 0.7335834896810507 
14.035668847618199 0.7978402568343224 
18.0 0.76 
14.142135623730951 0.787579802669762 
17.11724276862369 0.7524893314366998 
16.0312195418814 0.7738529468228067 
16.492422502470642 0.7447129909365559 
16.1245154965971 0.7640320733104238 
3.605551275463989 0.9292201691199499 
17.0 0.7718120805369127 
19.1049731745428 0.7298511654029767 
18.24828759089466 0.7317964576890639 
14.142135623730951 0.787579802669762 
15.524174696260024 0.7559863169897377 
15.524174696260024 0.7559863169897377 
17.26267650163207 0.7429851450129686 
17.26267650163207 0.7429851450129686 
16.1245154965971 0.7640320733104238 
16.1245154965971 0.7640320733104238 
18.24828759089466 0.7317964576890639 
17.26267650163207 0.7429851450129686 
22.20360331117452 0.6884422110552764 
17.11724276862369 0.7524893314366998 
17.26267650163207 0.7429851450129686 
19.1049731745428 0.7298511654029767 
16.1245154965971 0.7640320733104238 
17.26267650163207 0.7429851450129686 
17.72004514666935 0.7242827151854444 
18.027756377319946 0.7150812064965197 
15.132745950421556 0.7757278754684347 
12.041594578792296 0.8224852071005917 
15.132745950421556 0.7757278754684347 
15.297058540778355 0.7658019205962449 
15.811388300841896 0.7462792345854005 
19.6468827043885 0.7028334485141673 
17.26267650163207 0.7429851450129686 
15.524174696260024 0.7559863169897377 
16.278820596099706 0.7543193468767799 
17.26267650163207 0.7429851450129686 
14.0 0.8082191780821918 
18.24828759089466 0.7317964576890639 
18.110770276274835 0.7410966647823629 
18.110770276274835 0.7410966647823629 
18.384776310850235 0.7059773828756059 
18.24828759089466 0.7317964576890639 
17.26267650163207 0.7429851450129686 
19.6468827043885 0.7028334485141673 
15.132745950421556 0.7757278754684347 
17.11724276862369 0.7524893314366998 
14.142135623730951 0.787579802669762 
12.649110640673518 0.7906976744186046 
17.08800749063506 0.7258124766529698 
17.46424919657298 0.7335834896810507 
16.76305461424021 0.7352112676056338 
14.317821063276353 0.777435798788112 
16.0 0.7837837837837838 
17.029386365926403 0.7620977353992848 
16.0312195418814 0.7738529468228067 
17.11724276862369 0.7524893314366998 
18.110770276274835 0.7410966647823629 
18.439088914585774 0.7225950782997763 
17.11724276862369 0.7524893314366998 
19.235384061671343 0.7207505004888496 
16.55294535724685 0.7271835132482827 
18.439088914585774 0.7225950782997763 
15.0 0.7959183673469388 
18.24828759089466 0.7317964576890639 
17.029386365926403 0.7620977353992848 
19.026297590440446 0.7390486049028372 
16.278820596099706 0.7543193468767799 
11.40175425099138 0.8132757690232056 
17.26267650163207 0.7429851450129686 
15.297058540778355 0.7658019205962449 
17.029386365926403 0.7620977353992848 
14.142135623730951 0.787579802669762 
15.033296378372908 0.7857660530511669 
15.297058540778355 0.7658019205962449 
14.317821063276353 0.777435798788112 
16.15549442140351 0.7366788835635748 
17.26267650163207 0.7429851450129686 
15.033296378372908 0.7857660530511669 
2.23606797749979 0.9565907887771308 
16.278820596099706 0.7543193468767799 
12.206555615733702 0.7825793382849426 
15.524174696260024 0.7559863169897377 
13.601470508735444 0.7789757412398922 
16.0312195418814 0.7738529468228067 
37.64306044943742 0.50390625 
15.132745950421556 0.7757278754684347 
16.76305461424021 0.7352112676056338 
14.035668847618199 0.7978402568343224 
13.341664064126334 0.7892239918671636 
13.341664064126334 0.7892239918671636 
12.165525060596439 0.8117647058823529 
