1.0 0.9834710743801653 
2.0 0.9672131147540983 
3.1622776601683795 0.9384149419485108 
1.0 0.9862068965517241 
2.23606797749979 0.9567432906805571 
2.23606797749979 0.9540879791925817 
2.23606797749979 0.9567432906805571 
2.23606797749979 0.9540879791925817 
2.8284271247461903 0.9411368231858009 
2.8284271247461903 0.9411368231858009 
3.1622776601683795 0.9436477138518643 
3.1622776601683795 0.9436477138518643 
3.1622776601683795 0.9384149419485108 
3.1622776601683795 0.9384149419485108 
3.605551275463989 0.9283562102443924 
3.605551275463989 0.9283562102443924 
4.123105625617661 0.9307262569832402 
3.0 0.9591836734693877 
5.0990195135927845 0.9179754703368667 
5.385164807134504 0.9032933142416566 
6.708203932499369 0.8768328445747801 
6.324555320336759 0.8910045961917269 
6.324555320336759 0.8910045961917269 
6.4031242374328485 0.8745931872423519 
7.0710678118654755 0.8605652759084791 
4.47213595499958 0.9157427937915743 
5.830951894845301 0.8888342351205115 
6.324555320336759 0.8910045961917269 
7.280109889280518 0.878873545721431 
8.06225774829855 0.8807139747496735 
9.055385138137417 0.8686131386861314 
5.0 0.8984838497033619 
3.605551275463989 0.925777331995988 
5.0 0.900990099009901 
5.0990195135927845 0.9179754703368667 
4.242640687119285 0.9133034379671151 
4.123105625617661 0.9307262569832402 
4.47213595499958 0.9157427937915743 
4.47213595499958 0.9157427937915743 
4.47213595499958 0.9157427937915743 
4.123105625617661 0.9307262569832402 
3.1622776601683795 0.9436477138518643 
6.4031242374328485 0.8745931872423519 
3.605551275463989 0.9283562102443924 
4.47213595499958 0.9157427937915743 
5.0 0.8984838497033619 
5.830951894845301 0.8888342351205115 
5.830951894845301 0.8888342351205115 
7.211102550927978 0.8628719275549805 
5.830951894845301 0.8888342351205115 
6.708203932499369 0.8768328445747801 
8.246211251235321 0.8668971477960242 
7.280109889280518 0.878873545721431 
7.0710678118654755 0.8929725584707235 
6.0 0.92 
7.615773105863909 0.864983001457018 
9.219544457292887 0.855072463768116 
8.06225774829855 0.8512963359760017 
6.708203932499369 0.8768328445747801 
9.486832980505138 0.841726618705036 
7.615773105863909 0.864983001457018 
5.830951894845301 0.8888342351205115 
8.06225774829855 0.8512963359760017 
7.0710678118654755 0.8605652759084791 
7.211102550927978 0.8628719275549805 
8.06225774829855 0.8512963359760017 
7.211102550927978 0.8628719275549805 
10.295630140987 0.8156028368794326 
8.94427190999916 0.8398637137989778 
7.615773105863909 0.864983001457018 
8.06225774829855 0.8512963359760017 
5.656854249492381 0.8864628820960698 
5.830951894845301 0.8888342351205115 
6.4031242374328485 0.8745931872423519 
7.211102550927978 0.8628719275549805 
7.810249675906654 0.8467457518435396 
7.810249675906654 0.8491171749598716 
8.06225774829855 0.8512963359760017 
7.810249675906654 0.8467457518435396 
7.810249675906654 0.8491171749598716 
8.06225774829855 0.8441835645677694 
6.4031242374328485 0.8745931872423519 
6.708203932499369 0.8695228821811101 
9.219544457292887 0.8222081619740589 
5.830951894845301 0.883892068683565 
7.211102550927978 0.8628719275549805 
6.4031242374328485 0.8721560130010835 
6.708203932499369 0.8768328445747801 
6.708203932499369 0.8695228821811101 
10.44030650891055 0.8303145853193518 
5.656854249492381 0.8864628820960698 
7.211102550927978 0.8628719275549805 
3.605551275463989 0.925777331995988 
5.830951894845301 0.8888342351205115 
7.211102550927978 0.8580645161290322 
6.4031242374328485 0.8745931872423519 
6.4031242374328485 0.8721560130010835 
5.830951894845301 0.883892068683565 
5.830951894845301 0.883892068683565 
6.4031242374328485 0.8721560130010835 
6.4031242374328485 0.8745931872423519 
5.830951894845301 0.8888342351205115 
3.1622776601683795 0.9384149419485108 
6.4031242374328485 0.8745931872423519 
6.4031242374328485 0.8721560130010835 
6.708203932499369 0.8695228821811101 
5.0990195135927845 0.9078112061827215 
6.4031242374328485 0.8721560130010835 
5.0 0.900990099009901 
3.1622776601683795 0.9436477138518643 
3.605551275463989 0.925777331995988 
4.47213595499958 0.9106590004422822 
3.605551275463989 0.925777331995988 
5.830951894845301 0.883892068683565 
3.605551275463989 0.925777331995988 
4.47213595499958 0.9106590004422822 
6.082762530298219 0.8928688793953335 
3.605551275463989 0.9283562102443924 
5.0 0.92 
6.0 0.9047619047619048 
6.082762530298219 0.8928688793953335 
7.280109889280518 0.8666954736955818 
3.605551275463989 0.925777331995988 
4.123105625617661 0.922991319830848 
4.47213595499958 0.9106590004422822 
3.0 0.9591836734693877 
2.23606797749979 0.9540879791925817 
4.123105625617661 0.922991319830848 
1.4142135623730951 0.9700165308100097 
5.0 0.92 
5.385164807134504 0.8957761930883159 
6.082762530298219 0.8928688793953335 
5.0 0.92 
3.0 0.9512195121951219 
8.06225774829855 0.8636755823986195 
6.324555320336759 0.8811234487263226 
6.0 0.9047619047619048 
7.0 0.889763779527559 
6.082762530298219 0.8928688793953335 
4.123105625617661 0.922991319830848 
6.082762530298219 0.8928688793953335 
5.0 0.92 
6.324555320336759 0.8811234487263226 
3.1622776601683795 0.9384149419485108 
4.123105625617661 0.922991319830848 
4.47213595499958 0.9106590004422822 
3.605551275463989 0.925777331995988 
0.0 1.0 
3.1622776601683795 0.9384149419485108 
5.0 0.92 
6.4031242374328485 0.8721560130010835 
5.0990195135927845 0.9078112061827215 
3.605551275463989 0.925777331995988 
4.0 0.9354838709677419 
8.602325267042627 0.8331300058346152 
7.0710678118654755 0.878158795717624 
7.0710678118654755 0.878158795717624 
4.47213595499958 0.9106590004422822 
8.0 0.875 
6.082762530298219 0.8928688793953335 
8.06225774829855 0.8636755823986195 
6.082762530298219 0.8928688793953335 
4.0 0.9354838709677419 
5.0990195135927845 0.9078112061827215 
3.1622776601683795 0.9384149419485108 
5.0990195135927845 0.9078112061827215 
7.615773105863909 0.8553712353035916 
5.0990195135927845 0.9078112061827215 
6.708203932499369 0.8695228821811101 
6.0 0.9047619047619048 
5.0 0.92 
5.0990195135927845 0.9078112061827215 
1.0 0.9834710743801653 
5.0990195135927845 0.9078112061827215 
5.0 0.92 
3.1622776601683795 0.9384149419485108 
5.0990195135927845 0.9078112061827215 
4.0 0.9354838709677419 
6.082762530298219 0.8928688793953335 
7.0 0.889763779527559 
2.0 0.9726027397260274 
7.0710678118654755 0.878158795717624 
7.0710678118654755 0.878158795717624 
7.0710678118654755 0.878158795717624 
5.0990195135927845 0.9078112061827215 
6.082762530298219 0.8928688793953335 
7.0710678118654755 0.878158795717624 
6.324555320336759 0.8811234487263226 
6.082762530298219 0.8928688793953335 
7.0710678118654755 0.878158795717624 
5.385164807134504 0.8957761930883159 
7.0710678118654755 0.878158795717624 
6.324555320336759 0.8811234487263226 
5.0 0.8984838497033619 
7.810249675906654 0.8467457518435396 
5.0990195135927845 0.9078112061827215 
7.0710678118654755 0.878158795717624 
7.0710678118654755 0.878158795717624 
5.0990195135927845 0.9078112061827215 
8.54400374531753 0.8414322250639387 
6.082762530298219 0.8928688793953335 
5.0990195135927845 0.9078112061827215 
6.082762530298219 0.8928688793953335 
5.0 0.92 
6.082762530298219 0.8928688793953335 
6.082762530298219 0.8928688793953335 
4.123105625617661 0.922991319830848 
9.055385138137417 0.849414031144646 
3.605551275463989 0.925777331995988 
3.605551275463989 0.925777331995988 
5.830951894845301 0.883892068683565 
2.23606797749979 0.9567432906805571 
4.47213595499958 0.9106590004422822 
5.385164807134504 0.8957761930883159 
3.605551275463989 0.925777331995988 
5.0990195135927845 0.9078112061827215 
8.06225774829855 0.8636755823986195 
8.06225774829855 0.8636755823986195 
7.0 0.889763779527559 
9.0 0.8604651162790697 
8.246211251235321 0.8524871355060034 
4.0 0.9354838709677419 
5.0 0.92 
5.656854249492381 0.8864628820960698 
6.082762530298219 0.8928688793953335 
7.0710678118654755 0.878158795717624 
7.280109889280518 0.8666954736955818 
7.0710678118654755 0.878158795717624 
8.246211251235321 0.8524871355060034 
8.246211251235321 0.8524871355060034 
7.0710678118654755 0.878158795717624 
8.06225774829855 0.8636755823986195 
8.246211251235321 0.8524871355060034 
6.324555320336759 0.8811234487263226 
6.324555320336759 0.8811234487263226 
6.708203932499369 0.8695228821811101 
9.486832980505138 0.8277010947168015 
7.0710678118654755 0.8605652759084791 
6.708203932499369 0.8695228821811101 
5.0990195135927845 0.9078112061827215 
5.0990195135927845 0.9078112061827215 
5.0990195135927845 0.9078112061827215 
5.0 0.92 
6.0 0.9047619047619048 
4.123105625617661 0.922991319830848 
7.0 0.889763779527559 
8.06225774829855 0.8636755823986195 
5.0990195135927845 0.9078112061827215 
4.47213595499958 0.9106590004422822 
6.0 0.9047619047619048 
5.0 0.92 
6.0 0.9047619047619048 
5.0 0.92 
7.0 0.889763779527559 
7.0 0.889763779527559 
6.0 0.9047619047619048 
5.385164807134504 0.8957761930883159 
7.615773105863909 0.8553712353035916 
5.385164807134504 0.8957761930883159 
3.0 0.9512195121951219 
1.4142135623730951 0.9700165308100097 
5.0990195135927845 0.9078112061827215 
8.06225774829855 0.8636755823986195 
7.280109889280518 0.8666954736955818 
9.219544457292887 0.8384934567507182 
10.0 0.8461538461538461 
10.0 0.8461538461538461 
9.055385138137417 0.849414031144646 
8.246211251235321 0.8524871355060034 
8.94427190999916 0.8305084745762712 
6.708203932499369 0.8695228821811101 
5.0990195135927845 0.9078112061827215 
6.4031242374328485 0.8721560130010835 
6.4031242374328485 0.8721560130010835 
7.211102550927978 0.8580645161290322 
6.324555320336759 0.8811234487263226 
8.94427190999916 0.8305084745762712 
7.0710678118654755 0.8605652759084791 
6.4031242374328485 0.8721560130010835 
10.0 0.8090452261306532 
7.810249675906654 0.8467457518435396 
9.433981132056603 0.8197135636057288 
9.486832980505138 0.8277010947168015 
8.246211251235321 0.8524871355060034 
7.211102550927978 0.8580645161290322 
8.06225774829855 0.8636755823986195 
8.06225774829855 0.8636755823986195 
8.54400374531753 0.8414322250639387 
8.54400374531753 0.8414322250639387 
8.54400374531753 0.8414322250639387 
6.708203932499369 0.8695228821811101 
8.06225774829855 0.8441835645677694 
9.848857801796104 0.8170347003154574 
7.280109889280518 0.8666954736955818 
9.433981132056603 0.8197135636057288 
9.486832980505138 0.8277010947168015 
8.602325267042627 0.8331300058346152 
9.486832980505138 0.8277010947168015 
10.770329614269007 0.8037578288100209 
8.94427190999916 0.8305084745762712 
8.94427190999916 0.8305084745762712 
8.94427190999916 0.8305084745762712 
9.433981132056603 0.8197135636057288 
8.06225774829855 0.8441835645677694 
8.48528137423857 0.8355640535372849 
8.06225774829855 0.8441835645677694 
10.295630140987 0.8064920809157912 
9.433981132056603 0.8197135636057288 
9.433981132056603 0.8197135636057288 
9.219544457292887 0.8222081619740589 
7.615773105863909 0.8553712353035916 
9.219544457292887 0.824516946468166 
8.06225774829855 0.8441835645677694 
8.602325267042627 0.8331300058346152 
8.602325267042627 0.8331300058346152 
10.0 0.8090452261306532 
5.656854249492381 0.8864628820960698 
8.94427190999916 0.8305084745762712 
7.810249675906654 0.8467457518435396 
7.615773105863909 0.8553712353035916 
6.324555320336759 0.8811234487263226 
9.848857801796104 0.8170347003154574 
10.295630140987 0.8064920809157912 
10.295630140987 0.8064920809157912 
10.295630140987 0.8064920809157912 
10.295630140987 0.8064920809157912 
8.602325267042627 0.8331300058346152 
8.48528137423857 0.8355640535372849 
9.433981132056603 0.8197135636057288 
10.0 0.8090452261306532 
9.433981132056603 0.8197135636057288 
9.433981132056603 0.8197135636057288 
8.94427190999916 0.8305084745762712 
8.94427190999916 0.8305084745762712 
10.44030650891055 0.8141732283464567 
9.848857801796104 0.8170347003154574 
8.06225774829855 0.8441835645677694 
11.661903789690601 0.7832817337461301 
7.615773105863909 0.8553712353035916 
8.54400374531753 0.8414322250639387 
11.180339887498949 0.8111309087097789 
10.770329614269007 0.8037578288100209 
9.486832980505138 0.8277010947168015 
10.295630140987 0.8064920809157912 
9.433981132056603 0.8197135636057288 
10.816653826391969 0.7960710944808232 
9.433981132056603 0.8197135636057288 
7.810249675906654 0.8467457518435396 
9.433981132056603 0.8197135636057288 
8.602325267042627 0.8331300058346152 
12.206555615733702 0.7732170343766034 
9.848857801796104 0.8170347003154574 
9.848857801796104 0.8170347003154574 
12.36931687685298 0.7877094972067039 
11.704699910719626 0.7906735751295336 
11.704699910719626 0.7906735751295336 
11.704699910719626 0.7906735751295336 
12.083045973594572 0.780617239425009 
12.36931687685298 0.7877094972067039 
10.770329614269007 0.8037578288100209 
10.44030650891055 0.8141732283464567 
10.44030650891055 0.8141732283464567 
9.219544457292887 0.8384934567507182 
9.848857801796104 0.8170347003154574 
9.486832980505138 0.8277010947168015 
8.06225774829855 0.8636755823986195 
8.06225774829855 0.8636755823986195 
7.280109889280518 0.8666954736955818 
8.246211251235321 0.8524871355060034 
9.848857801796104 0.8170347003154574 
8.246211251235321 0.8524871355060034 
7.615773105863909 0.8553712353035916 
8.246211251235321 0.8524871355060034 
11.180339887498949 0.8111309087097789 
9.219544457292887 0.8384934567507182 
10.770329614269007 0.8037578288100209 
9.486832980505138 0.8277010947168015 
9.486832980505138 0.8277010947168015 
4.47213595499958 0.9106590004422822 
9.219544457292887 0.8222081619740589 
9.848857801796104 0.8170347003154574 
6.708203932499369 0.8695228821811101 
8.602325267042627 0.8331300058346152 
9.433981132056603 0.8197135636057288 
13.416407864998739 0.7582417582417582 
10.0 0.8090452261306532 
11.661903789690601 0.7832817337461301 
8.06225774829855 0.8441835645677694 
11.180339887498949 0.7934613388687078 
12.649110640673518 0.7777777777777778 
8.94427190999916 0.8305084745762712 
10.44030650891055 0.8141732283464567 
10.198039027185569 0.8247096092925026 
9.219544457292887 0.8384934567507182 
8.54400374531753 0.8414322250639387 
5.830951894845301 0.883892068683565 
10.44030650891055 0.8141732283464567 
11.704699910719626 0.7906735751295336 
10.770329614269007 0.8037578288100209 
9.848857801796104 0.8170347003154574 
9.848857801796104 0.8170347003154574 
12.649110640673518 0.7777777777777778 
8.54400374531753 0.8414322250639387 
10.770329614269007 0.8037578288100209 
7.211102550927978 0.8580645161290322 
7.280109889280518 0.8666954736955818 
11.704699910719626 0.7906735751295336 
8.06225774829855 0.8636755823986195 
13.0 0.8045112781954887 
9.219544457292887 0.8384934567507182 
11.180339887498949 0.8111309087097789 
10.198039027185569 0.8247096092925026 
9.848857801796104 0.8170347003154574 
9.486832980505138 0.8277010947168015 
4.47213595499958 0.9106590004422822 
10.0 0.8461538461538461 
12.165525060596439 0.797752808988764 
11.40175425099138 0.8008441456932938 
8.54400374531753 0.8414322250639387 
11.40175425099138 0.8008441456932938 
11.704699910719626 0.7906735751295336 
11.40175425099138 0.8008441456932938 
12.36931687685298 0.7877094972067039 
11.180339887498949 0.8111309087097789 
12.165525060596439 0.797752808988764 
13.341664064126334 0.7747650593128947 
12.649110640673518 0.7777777777777778 
17.26267650163207 0.7248091031591556 
13.152946437965905 0.7845708974491377 
13.152946437965905 0.7845708974491377 
13.152946437965905 0.7845708974491377 
11.045361017187261 0.8215358667580246 
12.36931687685298 0.7877094972067039 
12.083045973594572 0.780617239425009 
12.529964086141668 0.7706732247156471 
9.219544457292887 0.8384934567507182 
9.055385138137417 0.849414031144646 
10.04987562112089 0.8353690918746681 
10.198039027185569 0.8247096092925026 
10.770329614269007 0.8037578288100209 
12.083045973594572 0.780617239425009 
12.165525060596439 0.797752808988764 
10.770329614269007 0.8037578288100209 
11.40175425099138 0.8008441456932938 
13.152946437965905 0.7845708974491377 
10.04987562112089 0.8353690918746681 
13.152946437965905 0.7845708974491377 
12.041594578792296 0.807909604519774 
14.142135623730951 0.7715808898913267 
13.416407864998739 0.7582417582417582 
13.152946437965905 0.7845708974491377 
12.165525060596439 0.797752808988764 
14.866068747318506 0.7431655401997377 
10.04987562112089 0.8353690918746681 
12.041594578792296 0.807909604519774 
10.198039027185569 0.8247096092925026 
10.44030650891055 0.8141732283464567 
13.0 0.7679558011049724 
12.36931687685298 0.7877094972067039 
12.649110640673518 0.7777777777777778 
10.198039027185569 0.8247096092925026 
12.041594578792296 0.807909604519774 
12.041594578792296 0.807909604519774 
11.0 0.8320610687022901 
10.198039027185569 0.8247096092925026 
11.045361017187261 0.8215358667580246 
12.649110640673518 0.7777777777777778 
12.165525060596439 0.797752808988764 
13.152946437965905 0.7845708974491377 
10.0 0.8090452261306532 
11.180339887498949 0.8111309087097789 
9.0 0.8604651162790697 
12.165525060596439 0.797752808988764 
14.0 0.7910447761194029 
12.041594578792296 0.807909604519774 
12.36931687685298 0.7877094972067039 
7.280109889280518 0.8666954736955818 
12.165525060596439 0.797752808988764 
11.180339887498949 0.8111309087097789 
13.038404810405298 0.7944856949997404 
11.045361017187261 0.8215358667580246 
12.041594578792296 0.807909604519774 
10.198039027185569 0.8247096092925026 
10.198039027185569 0.8247096092925026 
12.165525060596439 0.797752808988764 
13.152946437965905 0.7845708974491377 
11.045361017187261 0.8215358667580246 
6.082762530298219 0.8928688793953335 
13.0 0.8045112781954887 
9.0 0.8604651162790697 
9.486832980505138 0.8277010947168015 
11.180339887498949 0.8111309087097789 
12.041594578792296 0.807909604519774 
11.180339887498949 0.8111309087097789 
11.045361017187261 0.8215358667580246 
11.40175425099138 0.8008441456932938 
10.0 0.8461538461538461 
10.0 0.8461538461538461 
10.04987562112089 0.8353690918746681 
9.055385138137417 0.849414031144646 
