5.656854249492381 0.8845979100408905 
6.4031242374328485 0.8705749718151071 
5.830951894845301 0.8829938149009817 
2.0 0.9710144927536232 
1.4142135623730951 0.9694937385008012 
3.605551275463989 0.9250493096646942 
1.0 0.9854014598540146 
2.0 0.967741935483871 
5.830951894845301 0.8859903381642512 
5.0 0.8988326848249028 
4.123105625617661 0.9279572391354869 
2.23606797749979 0.9538389072067829 
4.123105625617661 0.923264170627101 
4.123105625617661 0.923264170627101 
2.23606797749979 0.9538389072067829 
3.605551275463989 0.9250493096646942 
3.605551275463989 0.9266140269391546 
2.23606797749979 0.9554507955215086 
4.47213595499958 0.9132841328413284 
5.0 0.8988326848249028 
6.4031242374328485 0.8720523524765881 
5.0 0.8988326848249028 
5.830951894845301 0.8859903381642512 
6.4031242374328485 0.8705749718151071 
6.708203932499369 0.8688893895021401 
5.0 0.8988326848249028 
5.0 0.8973127501429389 
6.4031242374328485 0.8720523524765881 
5.830951894845301 0.8859903381642512 
6.708203932499369 0.8733205374280231 
8.246211251235321 0.8617594254937163 
5.0990195135927845 0.9083328541031687 
4.0 0.9365079365079365 
5.830951894845301 0.8829938149009817 
3.605551275463989 0.9266140269391546 
5.0 0.8973127501429389 
5.0 0.8988326848249028 
5.830951894845301 0.8859903381642512 
6.708203932499369 0.8733205374280231 
5.0 0.8988326848249028 
4.0 0.9428571428571428 
4.242640687119285 0.9118511263467189 
7.0710678118654755 0.8583188665509324 
4.242640687119285 0.9118511263467189 
5.656854249492381 0.8845979100408905 
5.830951894845301 0.8829938149009817 
6.4031242374328485 0.8720523524765881 
5.656854249492381 0.8845979100408905 
6.4031242374328485 0.8705749718151071 
5.656854249492381 0.8845979100408905 
7.211102550927978 0.8596727191212733 
8.06225774829855 0.8474557398953346 
7.615773105863909 0.8608198284080076 
8.54400374531753 0.8484848484848485 
6.082762530298219 0.901226079981666 
8.06225774829855 0.8474557398953346 
9.848857801796104 0.8234970875920431 
8.602325267042627 0.8342822397877397 
7.211102550927978 0.8596727191212733 
9.848857801796104 0.8234970875920431 
8.06225774829855 0.8474557398953346 
7.0710678118654755 0.8583188665509324 
9.219544457292887 0.8212952799121844 
8.602325267042627 0.8314476516364038 
7.810249675906654 0.8462223211305219 
9.219544457292887 0.8212952799121844 
7.0710678118654755 0.8583188665509324 
10.0 0.8097731239092496 
8.602325267042627 0.8342822397877397 
8.06225774829855 0.8474557398953346 
7.810249675906654 0.8462223211305219 
5.830951894845301 0.8829938149009817 
5.656854249492381 0.8845979100408905 
5.0 0.8973127501429389 
6.4031242374328485 0.8705749718151071 
7.211102550927978 0.8567591763652641 
7.0710678118654755 0.8583188665509324 
7.0710678118654755 0.8583188665509324 
6.708203932499369 0.8688893895021401 
6.4031242374328485 0.8705749718151071 
7.280109889280518 0.8669967368065714 
5.0 0.8973127501429389 
6.082762530298219 0.8936315909609678 
7.615773105863909 0.8549946894739784 
5.0990195135927845 0.9083328541031687 
5.0 0.8973127501429389 
4.123105625617661 0.923264170627101 
4.242640687119285 0.9118511263467189 
7.0 0.8914728682170543 
6.708203932499369 0.8733205374280231 
4.123105625617661 0.923264170627101 
6.324555320336759 0.8811791383219955 
5.385164807134504 0.895578658745573 
6.0 0.90625 
9.055385138137417 0.8508561548329522 
5.0990195135927845 0.9083328541031687 
8.0 0.8769230769230769 
7.0710678118654755 0.8791551050455858 
7.0710678118654755 0.8791551050455858 
8.0 0.8769230769230769 
6.0 0.90625 
6.0 0.90625 
8.06225774829855 0.8431459675627638 
8.06225774829855 0.8648982803192087 
9.055385138137417 0.8508561548329522 
10.44030650891055 0.8145231846019247 
64.03124237432849 0.2698607071789377 
4.47213595499958 0.9102003223578172 
7.615773105863909 0.8549946894739784 
5.830951894845301 0.8829938149009817 
8.602325267042627 0.8314476516364038 
8.06225774829855 0.8431459675627638 
7.211102550927978 0.8567591763652641 
7.0710678118654755 0.8791551050455858 
7.810249675906654 0.8447854124972204 
8.602325267042627 0.8314476516364038 
11.180339887498949 0.7925669835782195 
6.324555320336759 0.8811791383219955 
10.0 0.8070137225005446 
9.848857801796104 0.8165097438143202 
9.486832980505138 0.8278160286422473 
11.045361017187261 0.8233968899390076 
7.615773105863909 0.8549946894739784 
7.615773105863909 0.8549946894739784 
32.984845004941285 0.5317577548005908 
9.848857801796104 0.8234970875920431 
7.0710678118654755 0.8583188665509324 
24.331050121192877 0.6388779138680364 
6.4031242374328485 0.8705749718151071 
10.295630140987 0.8053424732060279 
10.44030650891055 0.8145231846019247 
11.704699910719626 0.7906324195985323 
11.40175425099138 0.7834148438759606 
10.0 0.8070137225005446 
13.601470508735444 0.7654820174505214 
13.341664064126334 0.7757799539787018 
13.601470508735444 0.7487352445193929 
14.422205101855956 0.7370184254606366 
12.529964086141668 0.7694358536845473 
12.806248474865697 0.7606112054329371 
10.816653826391969 0.7943116686492917 
10.816653826391969 0.7943116686492917 
46.32493928760188 0.40854874994694174 
10.816653826391969 0.7943116686492917 
12.041594578792296 0.7726495726495727 
8.54400374531753 0.841305071579181 
8.94427190999916 0.8297309219232466 
7.810249675906654 0.8462223211305219 
11.40175425099138 0.7834148438759606 
11.180339887498949 0.7925669835782195 
14.142135623730951 0.7399328859060402 
13.892443989449804 0.7470780246393598 
12.727922061357855 0.7620134869643711 
11.40175425099138 0.7834148438759606 
17.69180601295413 0.6872076469391906 
13.601470508735444 0.7487352445193929 
13.892443989449804 0.7470780246393598 
11.313708498984761 0.7848537005163512 
13.892443989449804 0.7470780246393598 
15.264337522473747 0.7254575707154742 
13.892443989449804 0.7470780246393598 
12.806248474865697 0.7606112054329371 
9.899494936611665 0.8084909259360183 
12.041594578792296 0.7726495726495727 
10.63014581273465 0.7972270363951474 
12.806248474865697 0.7606112054329371 
14.866068747318506 0.7285133868111262 
13.601470508735444 0.7487352445193929 
15.0 0.730857500521594 
13.601470508735444 0.7487352445193929 
13.038404810405298 0.7590246488205672 
13.601470508735444 0.7487352445193929 
11.313708498984761 0.7848537005163512 
15.0 0.7270740085354429 
10.63014581273465 0.7972270363951474 
14.212670403551895 0.7385655157960915 
15.264337522473747 0.7254575707154742 
13.038404810405298 0.7590246488205672 
15.264337522473747 0.7254575707154742 
16.1245154965971 0.7140495867768595 
12.041594578792296 0.7739762643002245 
16.1245154965971 0.7140495867768595 
17.0 0.7027914614121511 
17.4928556845359 0.6934932380709364 
15.811388300841896 0.715733416059149 
13.45362404707371 0.7515042753087723 
18.35755975068582 0.6825879728222289 
17.804493814764857 0.6858362121520016 
15.0 0.7270740085354429 
16.401219466856727 0.7061182519280206 
15.556349186104045 0.7185768294577658 
15.811388300841896 0.715733416059149 
15.620499351813308 0.7172428068722831 
14.142135623730951 0.7399328859060402 
17.69180601295413 0.6884094840744887 
18.35755975068582 0.6825879728222289 
16.401219466856727 0.7061182519280206 
18.35755975068582 0.6825879728222289 
14.142135623730951 0.7399328859060402 
17.029386365926403 0.6966102561480648 
13.038404810405298 0.7590246488205672 
13.45362404707371 0.750210970464135 
14.212670403551895 0.7385655157960915 
13.601470508735444 0.7487352445193929 
16.64331697709324 0.7045407848777481 
16.64331697709324 0.7045407848777481 
13.45362404707371 0.750210970464135 
16.15549442140351 0.7216976237418283 
14.866068747318506 0.7285133868111262 
14.866068747318506 0.7297748123436196 
16.97056274847714 0.697912402783463 
12.806248474865697 0.7632306057385759 
37.16180835212409 0.47248846290379837 
18.601075237738275 0.6751981422585693 
16.278820596099706 0.7075228980137903 
39.0 0.4568443234700149 
17.0 0.7027914614121511 
18.027756377319946 0.6842960105573038 
19.235384061671343 0.6718222580482643 
43.965895873961216 0.42152159013022616 
42.720018726587654 0.4340535868625756 
38.62641583165593 0.46236559139784944 
22.135943621178654 0.646440089307864 
15.811388300841896 0.7313090207126832 
19.72308292331602 0.6630249574020246 
20.591260281974 0.6525896414342629 
21.095023109728988 0.6440745144669044 
20.591260281974 0.6525896414342629 
21.95449840010015 0.6339553892362991 
23.323807579381203 0.6158940397350994 
20.591260281974 0.6525896414342629 
21.95449840010015 0.6339553892362991 
39.92492955535426 0.4491462509279881 
38.07886552931954 0.4646246193229466 
38.91015291668744 0.45346239761727475 
22.20360331117452 0.627304825421734 
23.853720883753127 0.6079077429983526 
8.48528137423857 0.8329650905877154 
26.076809620810597 0.5813953488372093 
21.400934559032695 0.6371799299422763 
24.413111231467404 0.6 
25.238858928247925 0.5906432748538012 
24.698178070456937 0.5983815808487067 
31.38470965295043 0.5233198677928755 
21.400934559032695 0.6371799299422763 
23.323807579381203 0.6158940397350994 
24.698178070456937 0.5983815808487067 
20.808652046684813 0.6457052172188058 
20.248456731316587 0.6543197567176828 
21.633307652783937 0.6356466876971609 
20.615528128088304 0.6471756179886826 
20.808652046684813 0.6457052172188058 
22.20360331117452 0.627304825421734 
23.021728866442675 0.617548135510602 
22.47220505424423 0.6257103664511072 
23.021728866442675 0.617548135510602 
21.095023109728988 0.6440745144669044 
25.0 0.5921696574225123 
24.08318915758459 0.6027820710973725 
21.2602916254693 0.6385542168674698 
19.1049731745428 0.6687116564417178 
21.93171219946131 0.630022595539837 
25.80697580112788 0.5829795353718457 
20.518284528683193 0.6496321336249752 
26.40075756488817 0.5753892897835169 
26.92582403567252 0.5722543352601156 
26.92582403567252 0.5722543352601156 
27.459060435491963 0.564913935392596 
26.40075756488817 0.5753892897835169 
28.319604517012593 0.5530490943979033 
26.248809496813376 0.5767366720516963 
23.430749027719962 0.610873786407767 
25.45584412271571 0.586840091813313 
26.870057685088806 0.5702455874698339 
26.870057685088806 0.5702455874698339 
26.248809496813376 0.5767366720516963 
28.319604517012593 0.5530490943979033 
27.586228448267445 0.5626294970804294 
29.0 0.5467511885895404 
28.319604517012593 0.5550869300342096 
29.0 0.5457425004658096 
31.827660925679098 0.5153895332907115 
30.610455730027933 0.5279491665899254 
27.018512172212592 0.5678714859437751 
29.068883707497267 0.5445913237758332 
25.80697580112788 0.5829795353718457 
25.80697580112788 0.5829795353718457 
27.65863337187866 0.5604250916956645 
30.805843601498726 0.5265433802557733 
27.65863337187866 0.5604250916956645 
26.870057685088806 0.5702455874698339 
28.284271247461902 0.554140127388535 
29.732137494637012 0.5374351371386212 
27.586228448267445 0.5616 
30.4138126514911 0.531333640978311 
29.832867780352597 0.5362251747604277 
29.698484809834994 0.5385043349251241 
29.732137494637012 0.5374351371386212 
31.240998703626616 0.521085441877521 
29.0 0.5457425004658096 
31.827660925679098 0.5153895332907115 
31.144823004794873 0.5222716638377908 
32.526911934581186 0.508569350365959 
30.4138126514911 0.5303449548053865 
31.144823004794873 0.5242294795829314 
30.4138126514911 0.5303449548053865 
32.55764119219941 0.50754134108668 
32.526911934581186 0.508569350365959 
32.526911934581186 0.508569350365959 
46.04345773288535 0.3859004343468092 
30.4138126514911 0.5303449548053865 
45.803929962395145 0.38734896943852165 
45.79301256742124 0.38914936369725384 
44.654227123532216 0.39727988546886184 
42.80186911806539 0.4118447923757658 
45.221676218380054 0.39229671897289586 
42.20189569201838 0.41715066621113767 
45.48626166217664 0.39077954735959763 
43.829214001622255 0.4038412725272866 
44.10215414239989 0.40229885057471265 
27.586228448267445 0.5626294970804294 
31.827660925679098 0.5153895332907115 
26.0 0.6790123456790124 
46.87216658103186 0.3795626507025858 
32.526911934581186 0.508569350365959 
45.48626166217664 0.39077954735959763 
30.479501308256342 0.5321821036106751 
32.01562118716424 0.5178849144634525 
33.24154027718932 0.501810282404055 
32.55764119219941 0.5094614264919942 
31.144823004794873 0.5242294795829314 
31.827660925679098 0.5163589837324072 
45.48626166217664 0.39077954735959763 
45.48626166217664 0.39077954735959763 
47.70744176750625 0.3732825691110743 
43.829214001622255 0.4038412725272866 
31.827660925679098 0.5163589837324072 
34.655446902326915 0.4867383512544803 
47.01063709417264 0.4390910273645865 
41.617304093369626 0.4224965706447188 
44.41846462902562 0.40064156677359447 
33.94112549695428 0.4942363112391931 
33.97057550292606 0.49322773702920397 
34.655446902326915 0.4867383512544803 
33.24154027718932 0.501810282404055 
35.35533905932738 0.4803051255743409 
33.94112549695428 0.4942363112391931 
30.479501308256342 0.5321821036106751 
36.796738985948195 0.4657891249613499 
32.55764119219941 0.5094614264919942 
46.400431032480725 0.38243626062322944 
31.827660925679098 0.5153895332907115 
37.013511046643494 0.4634619625137817 
45.79301256742124 0.38914936369725384 
34.655446902326915 0.4867383512544803 
33.97057550292606 0.49322773702920397 
33.97057550292606 0.49322773702920397 
47.43416490252569 0.3748187430086589 
34.713109915419565 0.48567335243553006 
13.0 0.7675508682220091 
33.97057550292606 0.49322773702920397 
33.97057550292606 0.49322773702920397 
32.55764119219941 0.50754134108668 
32.526911934581186 0.508569350365959 
31.827660925679098 0.5153895332907115 
27.586228448267445 0.5626294970804294 
27.586228448267445 0.5626294970804294 
27.018512172212592 0.5720308872992562 
31.827660925679098 0.5153895332907115 
33.94112549695428 0.4942363112391931 
30.4138126514911 0.5303449548053865 
31.827660925679098 0.5163589837324072 
31.827660925679098 0.5153895332907115 
34.058772731852805 0.4920863309352518 
32.55764119219941 0.50754134108668 
33.97057550292606 0.49322773702920397 
33.24154027718932 0.5008593396653098 
35.38361202590826 0.4793152639087018 
29.068883707497267 0.5476168267885458 
32.01562118716424 0.5178849144634525 
32.55764119219941 0.5094614264919942 
31.144823004794873 0.5242294795829314 
32.64965543462902 0.510217084603832 
32.55764119219941 0.5094614264919942 
37.48332962798263 0.4596639394739157 
35.38361202590826 0.4811640778432423 
36.76955262170047 0.4667609618104668 
33.94112549695428 0.4942363112391931 
36.069377593742864 0.47301136363636365 
36.235341863986875 0.4707915964896729 
34.655446902326915 0.4867383512544803 
35.4682957019364 0.47819501982270923 
34.828149534535996 0.48447705108705374 
34.058772731852805 0.4920863309352518 
31.827660925679098 0.5153895332907115 
31.827660925679098 0.5163589837324072 
34.713109915419565 0.48567335243553006 
34.655446902326915 0.4867383512544803 
36.76955262170047 0.4667609618104668 
33.301651610693426 0.5026263358087303 
34.655446902326915 0.4867383512544803 
33.97057550292606 0.4951115116017121 
29.832867780352597 0.5402181480621954 
34.655446902326915 0.48767147852595716 
16.15549442140351 0.7330269479841237 
29.068883707497267 0.5476168267885458 
33.94112549695428 0.4942363112391931 
29.0 0.5457425004658096 
33.60059523282288 0.4972026709980148 
31.11269837220809 0.5233198677928755 
33.301651610693426 0.4997740215131519 
32.55764119219941 0.50754134108668 
33.94112549695428 0.4942363112391931 
33.24154027718932 0.5008593396653098 
20.12461179749811 0.6717380352644836 
29.832867780352597 0.5362251747604277 
34.20526275297414 0.49081270497326923 
31.11269837220809 0.5233198677928755 
33.24154027718932 0.5008593396653098 
33.97057550292606 0.49322773702920397 
34.713109915419565 0.48567335243553006 
34.713109915419565 0.48567335243553006 
34.058772731852805 0.4920863309352518 
33.421549934136806 0.4985549132947977 
33.421549934136806 0.4985549132947977 
35.608987629529715 0.4769449884279865 
34.713109915419565 0.48567335243553006 
38.01315561749642 0.4548005260850504 
33.421549934136806 0.4985549132947977 
33.421549934136806 0.4985549132947977 
34.20526275297414 0.49081270497326923 
33.421549934136806 0.4985549132947977 
34.058772731852805 0.4920863309352518 
34.655446902326915 0.4867383512544803 
36.069377593742864 0.47301136363636365 
31.144823004794873 0.5222716638377908 
31.240998703626616 0.521085441877521 
31.89043743820395 0.5142831066897874 
30.4138126514911 0.531333640978311 
31.89043743820395 0.5171909290416972 
34.655446902326915 0.4867383512544803 
32.55764119219941 0.50754134108668 
31.89043743820395 0.5171909290416972 
33.301651610693426 0.4997740215131519 
33.421549934136806 0.4985549132947977 
30.805843601498726 0.5265433802557733 
34.20526275297414 0.49081270497326923 
31.89043743820395 0.5142831066897874 
33.301651610693426 0.4997740215131519 
34.713109915419565 0.4884722346819772 
34.828149534535996 0.48447705108705374 
34.058772731852805 0.4920863309352518 
37.64306044943742 0.45748418833450455 
31.240998703626616 0.521085441877521 
33.421549934136806 0.4985549132947977 
31.89043743820395 0.5142831066897874 
32.55764119219941 0.50754134108668 
36.069377593742864 0.47301136363636365 
35.4682957019364 0.47819501982270923 
35.38361202590826 0.4793152639087018 
32.55764119219941 0.50754134108668 
33.015148038438355 0.503647650550546 
32.202484376209235 0.5116618075801749 
32.01562118716424 0.5130403064016049 
31.89043743820395 0.5142831066897874 
32.64965543462902 0.5063779563302919 
35.4682957019364 0.47819501982270923 
34.828149534535996 0.48447705108705374 
35.608987629529715 0.4769449884279865 
34.713109915419565 0.4884722346819772 
33.301651610693426 0.4997740215131519 
30.610455730027933 0.5279491665899254 
32.64965543462902 0.5063779563302919 
31.400636936215164 0.5197618502404396 
33.421549934136806 0.4985549132947977 
33.97057550292606 0.49322773702920397 
31.144823004794873 0.5242294795829314 
33.301651610693426 0.4997740215131519 
32.55764119219941 0.50754134108668 
34.20526275297414 0.49081270497326923 
33.421549934136806 0.4985549132947977 
33.421549934136806 0.4985549132947977 
32.55764119219941 0.50754134108668 
32.55764119219941 0.50754134108668 
33.301651610693426 0.4997740215131519 
34.058772731852805 0.4920863309352518 
31.240998703626616 0.521085441877521 
19.697715603592208 0.6817352523819177 
33.60059523282288 0.4972026709980148 
27.586228448267445 0.5626294970804294 
32.526911934581186 0.508569350365959 
33.301651610693426 0.4997740215131519 
33.421549934136806 0.4985549132947977 
32.55764119219941 0.50754134108668 
31.89043743820395 0.5142831066897874 
33.97057550292606 0.49322773702920397 
32.01562118716424 0.5130403064016049 
31.240998703626616 0.521085441877521 
31.240998703626616 0.521085441877521 
27.65863337187866 0.5635130041462495 
