1.4142135623730951 0.9706706211896523 
2.3098127447681907 0.9548198907547168 
3.4947541117815724 0.9467943647138894 
0.2221132377856633 0.9960825191367457 
1.6969469366726968 0.9659978527733536 
2.767672081889855 0.9512066672856447 
1.498175750592749 0.9702634726871102 
1.993870559240202 0.9607520216707846 
2.779388909197074 0.9449074316600851 
3.2450148290255605 0.9343471333954708 
2.5442094142547 0.9508201275859723 
2.6261314058147303 0.9577095432550673 
6.874842195481463 0.8671616864420155 
6.706254278265044 0.8699003620911803 
8.286148115791516 0.847194773404423 
8.24227493790177 0.8507070228957601 
9.648226628946748 0.8342374616598294 
7.982282760568381 0.8659895905185658 
8.544763216473635 0.8472226055031365 
8.58045322223505 0.846590747032897 
9.097017721936954 0.8469217709010639 
8.905578576170734 0.8570815975795996 
7.930408973964626 0.8695806365045674 
8.269235782007934 0.8526879488858705 
8.6962688005289 0.8409447747430419 
6.491976139622973 0.8960993996350479 
6.667246915866324 0.8724314533681984 
7.924773867016631 0.8514231567391517 
9.784980965172466 0.8199326334394871 
10.134607665527861 0.8216502830614267 
13.169201824769432 0.7809540607718375 
15.104500194882425 0.7546456594558282 
12.568602273231367 0.7957669746211632 
16.375550968071305 0.7393164199927946 
15.525979346614097 0.775407723109547 
15.856220103915549 0.7627464810100446 
14.62048035071612 0.7804113509651196 
13.456820325791371 0.7861876766043919 
13.661879009632294 0.7910489050729534 
14.279329137989977 0.783447880438066 
14.07263898076946 0.8100131951323163 
13.103827335002787 0.8140353052729616 
14.14747277306578 0.786501311470223 
11.154588007086362 0.8395030495847586 
11.558795768604197 0.8237401099571952 
9.532387078294848 0.8383345972578574 
9.28949319252849 0.8552432684546193 
9.695473273804744 0.8532431918032798 
11.26695424613383 0.8250757407191235 
10.20853076093206 0.8426505824454078 
13.541980278720676 0.816499721814966 
15.6730559222332 0.7857021365516513 
14.91929111667251 0.8013238041132379 
13.792385583991816 0.8160381139464341 
11.866242801991637 0.8280451440684888 
13.370465000328082 0.8065431593514869 
14.305153822938635 0.797475025359267 
11.286805291263594 0.8143014920293141 
10.677282025546022 0.8302681143601129 
12.450974600717885 0.8094365735344463 
10.864362786955278 0.8314935618859061 
8.136803150331975 0.8660205518958146 
10.728158929798358 0.8247496069952898 
9.685998550491087 0.8253744841078703 
8.69485264382244 0.8647692146511005 
9.95377151900403 0.84834381925133 
7.890803179843359 0.8753772653995312 
10.53669721915126 0.8326391679809018 
8.577366621437193 0.8622829271254929 
7.9400288028534955 0.887692322481366 
7.296893093484918 0.8871292085164869 
5.7963207185623915 0.9088605035100875 
6.149098370059507 0.9130282920039063 
5.887855275480698 0.9164190404197081 
6.7004781998188765 0.8997431779899683 
6.871081227437883 0.8812264439635052 
7.278080656379545 0.8812850022243394 
7.555070062160566 0.8861475988466082 
5.729539230281649 0.8993141988438504 
6.286704581638982 0.8987189094382871 
6.349190286755195 0.8800589983860366 
5.16068654025704 0.9243493546267356 
4.833388332146636 0.9142466727835201 
6.828658628835067 0.8775018132412752 
4.3694637955312565 0.926015446963492 
5.965764731102447 0.9133552242726986 
5.158418193807607 0.9202963949514953 
6.80671055755185 0.8898458021159088 
4.524631633183325 0.9226171613810851 
12.279253846616054 0.8316397144501427 
7.161765038737615 0.8974086352465236 
8.52709791580852 0.8752833771235159 
5.647864077552729 0.9101107498645962 
7.651524135667674 0.8822368875855977 
7.6884391431201 0.8771254946058544 
8.551884076050367 0.8796701133153189 
8.39162326515637 0.8697533126986297 
6.935744158932642 0.9036215872425771 
6.953968844019239 0.8947876416056516 
7.888516677780206 0.8852756040367006 
8.68411356960006 0.8763343453557696 
8.627865032031877 0.8629156923866309 
6.451519356723488 0.8797864622959598 
8.423989876211508 0.8416216945232667 
7.000776848098315 0.8679174049331226 
5.776110691762976 0.8900373421768649 
5.054874261391583 0.9001537385066104 
19.34251262060473 0.6935075555097996 
7.81928049904077 0.860466219402861 
9.19036994680229 0.8270217949571111 
6.88354061696413 0.8754979705348946 
6.062524300358689 0.8925850029190256 
7.311752850251952 0.8638818562258622 
6.230717367828598 0.8888820490968524 
7.583869707119937 0.8593504922246799 
3.2305295791457573 0.9424073823074881 
1.223303389395598 0.976689485152025 
4.21215873328446 0.9167396898087758 
0.4915006496345962 0.9914633955931773 
1.2858614651590496 0.9766604043366218 
1.6849980045284925 0.9713218487176326 
3.6228989075834965 0.9474567464742135 
10.137741452434884 0.8142657664505494 
8.865466279480835 0.8362941356211502 
9.116652339951786 0.8315901340754482 
8.792406588096608 0.8563530193913377 
7.24200586539636 0.8616947344987501 
6.550991760890212 0.8765203087343574 
21.98742636671282 0.6499875486054777 
7.922224505430604 0.8760426159210241 
8.416654835216304 0.8570645733352742 
8.025457984303854 0.8667548156435374 
9.463527014439858 0.8624692474845711 
10.510678685464594 0.8431118534565253 
6.168940567226111 0.8917643355338318 
7.870450353834031 0.8591122639370239 
7.987713222406398 0.8651453153972217 
7.084262005450895 0.8755363195876051 
8.5258690686038 0.8462279069324273 
9.595610120750596 0.8474312449586159 
7.054989763027285 0.8815047067983307 
7.621467803400389 0.8637515371032832 
5.762949515766461 0.9025488037549995 
9.569554021050777 0.8207424821950154 
6.2471757914589725 0.8863877327893872 
8.547451777134274 0.838185873687977 
8.895688620155225 0.8333306406370165 
10.285767507402435 0.8225931017379784 
7.150186701999831 0.8719722982329842 
6.093243804871667 0.8813925802245347 
5.073635456207681 0.9247866905487713 
5.8954810451546615 0.8873158483985558 
7.436996053908527 0.8825762188283228 
8.361897297355023 0.8438206314716877 
4.048908395575318 0.9318994067302517 
5.870696743734328 0.8864962051708176 
6.50783501227261 0.8763348160507963 
8.856753118854847 0.8500844593291915 
6.4447019334575675 0.8747031679444788 
7.6383398723876645 0.8589566659110917 
5.680633807534711 0.8887866156329596 
7.689687492988094 0.8582551337064465 
9.686857626731038 0.8209730604152835 
7.968129709463209 0.851455115324066 
9.03823513575631 0.8357696901576629 
7.1559455013012965 0.865138085422479 
6.326902039202495 0.8786375297854233 
7.9427208608601365 0.8521082047250901 
6.981770245513292 0.8695369619005306 
7.8921845273074185 0.8490016951024303 
9.797328191800995 0.8167657863615193 
8.805445570527052 0.8338714796518304 
12.651168279546669 0.7755004888327579 
8.172182545538194 0.8455894567391954 
8.736382037936584 0.8347083521316215 
9.550322732497659 0.822081557242584 
8.369989821497963 0.8409779864940896 
10.132913758356748 0.8113018998811117 
8.860250745714755 0.8326540988971297 
8.865291829088907 0.8350171883184033 
13.167609172315721 0.7709560882253901 
8.121434871487565 0.8457842461055234 
7.479673801862231 0.8569471640098502 
7.368730869673553 0.8582767965872629 
9.781116909003451 0.8171406318945093 
7.825782040019983 0.8501615393482483 
7.087121125601819 0.8667967696896426 
6.543821335311789 0.8730294990346653 
7.550165158865534 0.856448882948756 
6.18895828391848 0.8822420064216115 
7.657079783881892 0.8534344346783901 
6.119026668051865 0.8821240142678269 
6.740802580048722 0.8692638412027789 
8.493628353745338 0.8403769292799141 
5.170795064382222 0.9015256381675212 
8.637383139430137 0.8370912713925289 
6.907837964453791 0.8735799557672523 
7.859839110489338 0.8555454517448438 
7.954806951376489 0.8482094921515623 
5.226293599822789 0.9010608676668354 
9.832644806675717 0.8233638876409448 
9.35457403259368 0.8245311705967211 
8.48126444551264 0.8401480568194577 
9.245266511548458 0.8280162003115075 
9.88781359662053 0.8239077933655359 
9.274641775309451 0.8294552015100002 
10.747544462835473 0.8015299887530101 
9.479081896752072 0.8359392717099267 
9.871710607146234 0.8174387586912024 
9.895625753186792 0.8157438059484194 
7.864397822434072 0.8501188809404984 
12.035317643836548 0.7826284020603506 
9.499972246959382 0.8228365451310574 
8.945217292409435 0.8332074246986653 
11.519593870349544 0.7892369345138937 
10.396144374623011 0.8124915908034953 
11.029586473296112 0.8200620583639042 
14.301524394879266 0.7652589419342798 
8.810113294608815 0.842628840662727 
9.273512805343934 0.8537738529682599 
11.473440191684812 0.8185148217964814 
11.037009598596788 0.8023409784633938 
11.602446098906166 0.8041588888358119 
13.083918304954727 0.7667731296087624 
11.256933790261229 0.795869432825982 
10.32028792602098 0.8125106803292769 
10.264233340267104 0.8133102957977574 
10.306312826624977 0.8127005995019442 
9.41784393957637 0.8311882523764397 
8.399649665603084 0.8465507671393967 
10.929327646905595 0.8036365797211861 
9.525829479971184 0.8298463589162135 
8.820022998964662 0.8404877924485651 
10.165158991623223 0.8134718146076771 
9.613086965744255 0.8212509050805759 
8.786974858731186 0.8360428193506937 
6.890716249399003 0.8775576967859275 
21.68935980798603 0.644613637599008 
8.289291273196485 0.8423720792189617 
9.970935451906046 0.8163358497156562 
10.253922661549726 0.8109523419033595 
10.053469158743516 0.8143032150438048 
11.440847388916977 0.793414536942024 
10.425747901745876 0.8100700972259736 
9.467466969802521 0.8224697373672852 
8.817073662707216 0.839640995723524 
8.463256427567272 0.85244912973222 
10.258965937761833 0.8112325959241604 
11.766428703226595 0.7887734165167477 
9.215488818946032 0.8301284548840346 
9.493654372556255 0.8240590456294828 
9.37164236363134 0.8285723216846899 
10.389935862707794 0.8112693870654101 
8.724378860400858 0.8411828169129215 
9.272082431118088 0.832447636565562 
9.063761330162613 0.831827945774619 
11.549289177247138 0.7940904894980838 
6.472896394054533 0.8750124142509343 
7.178753860809702 0.8614791899401071 
10.682709540579124 0.802456136254499 
12.171318060839319 0.7803570239886372 
9.234009929593945 0.8275020632121215 
8.521448032357988 0.8456907238070243 
8.195844250647314 0.8438150798950846 
7.665792745921311 0.8559484811762458 
8.294004086280326 0.8531123347967057 
9.268711653974718 0.8326212713927957 
8.753975295068319 0.8405029186121666 
8.190205182152107 0.8463528773793317 
5.332088663192048 0.8947381683949017 
6.853606437195816 0.8672017250181989 
9.048959542000299 0.8302257879329663 
6.1062210018920275 0.8830780773782099 
5.998977932360545 0.8831658255428136 
5.610810891654442 0.889655632839555 
7.920548922551494 0.8496624310950582 
4.808082973024297 0.9044575154596813 
6.683977752434321 0.8744453800366142 
8.159292783070235 0.8473062591563075 
4.579429505821766 0.9169897965873677 
5.4252006850096866 0.8980046109081556 
5.542425903214752 0.9042059259774259 
5.410774447539733 0.8958211257041696 
6.304365814950235 0.8779540396792808 
6.996460164038028 0.8795742530081947 
8.281110197840627 0.8426379381859479 
8.477488410112 0.8398378511381434 
6.164297128719823 0.8850996545080011 
6.101396480699651 0.8832617088929312 
5.9424247687875384 0.8858313098464456 
8.068702427611766 0.8624403639379637 
6.959086400604427 0.8876987552402719 
4.847192356641896 0.9147655150803014 
7.097163009045401 0.8762093919445285 
5.77882719619226 0.91416384200494 
5.068469533277922 0.9044405971701096 
6.215293761974682 0.8945052659307651 
5.937502842219839 0.8858991647398398 
4.360777815915247 0.9176872276007535 
6.911628179617916 0.8813212371501067 
6.153954840844344 0.8938870366146573 
5.636229754798252 0.897030422953001 
4.962544041020387 0.9159192837614374 
5.586422964313329 0.9001439786332689 
6.022741629555203 0.9062077395807705 
4.757559193815427 0.9155149879092944 
3.7538919601355656 0.9380773667821203 
4.249341849108743 0.936165843662837 
4.638968418771974 0.9281056177787691 
4.866609208252001 0.9135450850679645 
6.095316073823429 0.8937520954532873 
6.267915407946069 0.8988018499737656 
5.02868366754263 0.9064065293580081 
5.479882798511553 0.905763400213777 
5.156407690738772 0.9134986652885423 
4.703228969649384 0.9295402668666287 
8.75361319078709 0.8546853376219338 
5.4861446353069026 0.9046843775943754 
6.867218450067589 0.8863081161804985 
6.91298947634909 0.8712885910320315 
8.545662052349387 0.8450992697225712 
5.218177538701331 0.900923205313158 
5.3189940675458995 0.908438128575346 
5.545556010857646 0.8981555441210378 
5.138344415089064 0.9198166733266709 
5.4808114069898455 0.9023636817917076 
7.421000135975052 0.8837511188929685 
7.525546928661669 0.8873257041541407 
5.460344843143788 0.9088758997972769 
4.475250215419609 0.9198038148902803 
4.781089727004137 0.9183893601536928 
4.703453136751541 0.9121427532306056 
4.774000267416807 0.9102417273065211 
5.803594760110205 0.890585554866636 
4.539709079756846 0.9101108078927062 
5.1874306769485425 0.9009488113035714 
6.548341080662782 0.8914703904273759 
3.9501719246148888 0.9366696068182622 
6.355951172442978 0.8887016750819403 
15.616451873946616 0.7602340504331633 
5.693214895429023 0.8974760318670856 
5.000891270845511 0.900863388076733 
6.024157407750477 0.8821297128232988 
5.270824168529779 0.8963025806606716 
4.774692338443079 0.905085406891491 
4.782827707378053 0.9051145130792828 
4.083305667980129 0.9184905672076236 
6.503476034595224 0.8753518381236962 
4.8217205118402875 0.9056895465368425 
5.4958889681984 0.896103628488781 
2.888346666785227 0.9452826151170675 
5.364356126898155 0.8941452890034113 
5.994743375321037 0.8826244465816061 
4.6726384415929685 0.9148406317681093 
4.4958056581197186 0.9129461069624143 
4.356247014130785 0.9210418295010929 
3.600762661146592 0.9342026557534273 
3.853473363066661 0.941116694055265 
3.2863725281443927 0.9344822366186206 
3.9477726315499395 0.9218473167420473 
11.641107339585947 0.8228295800656925 
8.82097396398995 0.8407298891422712 
9.826247180603756 0.8189802061427549 
8.636507119505891 0.8443196737651087 
9.755951951397698 0.8202530285835109 
10.582616084723963 0.80566866996136 
10.250574663701865 0.8121898924865728 
11.315176923927606 0.8021772464537715 
10.893207520442365 0.8105491278382252 
9.897236972799684 0.8288559573643363 
11.297110169400785 0.8024094561113435 
12.884113836605419 0.7813076747550296 
12.87178447174879 0.7933721696296998 
9.866614985828773 0.8269894971104965 
10.74501421722884 0.822934142598737 
9.338569663760575 0.8534454222307124 
9.661410453947246 0.8345127737773037 
10.159239137017167 0.8496404079079117 
13.882895328236886 0.7766270732970938 
9.880055948351298 0.8513315614653124 
7.698250392501767 0.8735326664270376 
11.945208395722824 0.8041559292519526 
10.722175008924864 0.8337237701541768 
11.430457095746046 0.8275172879965442 
7.910222647510222 0.88169560581523 
11.82880652106625 0.8249246678875004 
10.657181471989649 0.8445167767523236 
13.148999389131113 0.7940420400213298 
10.404187252751992 0.8314240596209622 
8.527634777998093 0.8532470691672672 
11.651569055213322 0.811033110559315 
9.732629347337587 0.830456367905669 
9.799111479685104 0.8245704357012077 
11.376911352865818 0.8068035084106748 
11.20474570812869 0.8105829809383774 
14.697736513929497 0.7537463767846296 
12.146362478247276 0.7794158006555404 
13.68893529481051 0.7592145099184183 
12.943385409086497 0.7671439427118646 
8.835552015546668 0.8746749626929841 
12.15843367554589 0.8034373294326805 
11.10072327350023 0.83255464902491 
13.385722461704637 0.7757466092045701 
11.843771376016308 0.8066637327806129 
27.637636013860647 0.5740071906786032 
14.945238043111114 0.7483098602080938 
12.298082828989983 0.8062240401325823 
16.24188994023787 0.7373602944842489 
15.16343622080994 0.788518112499612 
14.95065137089863 0.7502474064116303 
14.25487348449717 0.7714877384583582 
14.460813793817861 0.7613093430824156 
13.072699739898917 0.7773927423007971 
13.922096412289921 0.7645622608834308 
26.489410439629804 0.5867644756812965 
16.379965542909734 0.7373573907399398 
14.26307212313905 0.7760057988054803 
13.213926304577425 0.7773466951966346 
14.111221551793326 0.7561163985945141 
13.09499857881362 0.7806261686078029 
12.689200557725632 0.7831691917613022 
12.845528221319897 0.784451405915481 
12.903000294000282 0.7870644340220411 
14.933206220980326 0.7528662641968695 
13.852599190906647 0.7737918350107377 
13.647199445936215 0.7815887917794744 
12.791259507967412 0.7854848849407109 
12.157556631284685 0.8283334051712694 
13.82638688936562 0.7838046221139072 
14.018872051357427 0.7836865558267379 
12.865534477412348 0.7967427206633122 
14.999863221938641 0.7573683150458868 
13.077372837602987 0.7838331190130902 
12.293180445525499 0.7865909042676359 
10.367220336959265 0.8158492219319919 
15.46570186210066 0.7398261252986448 
15.36829971047554 0.7428281436108866 
15.332618007098247 0.7500193032988866 
13.479884646143566 0.7686752528859799 
12.974180131110932 0.7716748709931424 
11.400563197752824 0.7962025798012933 
13.678067571386519 0.7700420547300485 
12.539294362514042 0.7759196757343712 
13.288626410384417 0.7720158968553709 
13.087955887580078 0.7838852865269673 
16.6897619174076 0.7289080318466684 
12.087533363203619 0.8005821617847672 
13.846808076004281 0.7755927873332207 
11.866866981102643 0.8067584337519956 
9.539038945887242 0.8260766251930327 
11.96558168064495 0.7998908887029045 
11.421809207856782 0.8063565524587429 
8.843043242998021 0.8493464429573414 
13.856495961809165 0.7632212613164288 
12.973923857481166 0.7790293456566086 
13.627091110851703 0.7617931889839301 
12.615378770012034 0.7747765755675048 
9.959300785917032 0.8179758622436257 
12.297486674224446 0.7855001025045344 
11.184941542489288 0.7982754769037513 
13.196059729898527 0.769402384966883 
14.589884650739714 0.7646848264526681 
15.04704849056707 0.7558386086150178 
13.07183779175266 0.7969238902613901 
12.706692196129342 0.7945136066356874 
12.982092258683773 0.797539269610385 
10.025253254014421 0.8429696252492375 
11.818470361227 0.8195795068410829 
11.913578529123594 0.8387183398949721 
10.190877655134466 0.8160628335755352 
12.080139754626208 0.8176750867497344 
15.032971735486894 0.765892297281342 
12.17664007903685 0.8237156741096568 
14.669372510468358 0.7909144072715701 
13.309567427734116 0.8239909483444364 
11.775545932157174 0.8331111384489968 
13.525815301816959 0.7731557419720942 
12.85964655242924 0.8186412487487479 
12.56761611492591 0.8050709858184385 
13.930780661633822 0.8089104576793561 
15.974460417713068 0.787005888733537 
14.5474948074498 0.7973747711871871 
12.146297473663966 0.8124436143901946 
13.098587181656791 0.7972776633024049 
12.945719097437204 0.8209133872991781 
12.721247042517463 0.824485722323455 
13.928780938211249 0.7949449934381903 
25.02052040383763 0.6039276677340456 
14.355901904596124 0.809680087607817 
14.989743102645921 0.766468312043986 
12.528955633337805 0.7991298446289903 
12.780292494974438 0.8105889113692448 
14.038329546489912 0.8046921478963247 
13.603080625952462 0.7971899245216079 
33.37504479721485 0.6081507072485106 
22.055718277778823 0.7127793598906598 
25.07324194700583 0.6843519581787969 
26.189382771867518 0.6809544681626173 
26.43071370499127 0.676869300110358 
24.914571371617864 0.6842564507503771 
