4.2615636766808 0.9130467754611397 
4.964207674913306 0.9007089733119066 
5.22379051406989 0.9014067811747536 
1.9606609948025604 0.9588820460415095 
23.89061582304359 0.6491160432637643 
23.764161289374872 0.6622595197265383 
23.417977138560396 0.6440578631607705 
22.57020025364532 0.667669322902345 
17.34030530908446 0.7393489331097564 
16.196168296815788 0.7579825262682756 
16.19638131412267 0.7050362100094626 
56.22277118748239 0.5492957746478874 
18.41400382862021 0.7709078516815295 
18.548931217391267 0.7687800247958207 
8.121910864092634 0.8683061728665176 
32.68826608332226 0.5099125560204499 
32.01748275809442 0.5156999442949386 
24.817230034403348 0.6017760517267337 
34.995234785102 0.5740795567384146 
34.003852102316074 0.5815922929710327 
24.55658882416446 0.7112900490628694 
23.96999389569171 0.7185088346050565 
19.755879049725397 0.7275215675685496 
18.52191609459504 0.745424335529965 
17.052978649693063 0.7588180784884652 
19.686282562638343 0.7326787394414065 
19.75990905272488 0.7251699127404546 
20.23464873640417 0.7153683440589065 
20.795106620484848 0.7053561596707808 
450.15552867870014 -1.0941780821917808 
21.73323839203397 0.6947487685301355 
17.333500194482788 0.7654685485781957 
18.274632650919713 0.7611113442758836 
17.315541995648257 0.7638301198925039 
19.662333534541297 0.738493157783209 
17.687050577857992 0.7666889628597356 
18.998400265708614 0.7425531831200489 
18.00342323770828 0.7537678410527149 
12.917557305556809 0.8253477573021356 
12.82421655929219 0.8347089627304466 
9.830076087336478 0.8691770925164998 
11.876235631233659 0.840342743268043 
595.3682786309664 -1.0156491739725784 
32.103787609604105 0.681913462128629 
49.620455951669264 0.5713860638197613 
50.15480671317418 0.5757879330843357 
48.23139492509405 0.5833683020514191 
51.52277025790934 0.5642953247703477 
50.10298250300414 0.576913376035119 
445.862086300237 -1.0154418474064715 
35.760424831173246 0.6671658037554338 
279.17915394957413 -0.744927536231884 
280.24531558032606 -0.7371165880020386 
286.174771774173 -0.75 
287.2812918115551 -0.7264811870540749 
290.09956911377856 -0.7733192134863618 
294.05638017441777 -0.7748776781200523 
294.2548781091933 -0.7982199712079661 
295.5089765268749 -0.7898798368197475 
304.97215610609436 -0.7761846476656755 
305.4158186290011 -0.7771928374460039 
307.6117084897778 -0.7778506276876792 
312.07578461168356 -0.7913051982848214 
308.0146100430952 -0.8467432950191571 
310.85120759923035 -0.8357485091941647 
314.5842832701836 -0.8412497362046938 
315.87861870484807 -0.8350698577535535 
320.0140621910231 -0.8520013454423142 
323.02476685232665 -0.8455056179775281 
324.4151745390008 -0.8334387874018333 
325.0246144525057 -0.8463687150837989 
329.0060789711947 -0.862628785513581 
334.0374230531663 -0.841726618705036 
338.0133133472704 -0.8592450415866922 
337.0014836762592 -0.8718135469774217 
343.0058308542291 -0.8678281766296185 
345.97572013040946 -0.8641432867798303 
349.3528640201109 -0.8582505282366427 
349.3105144654529 -0.8654480218301317 
352.5788616177902 -0.863600870305118 
353.3125086707007 -0.8746681636203827 
357.03501228871096 -0.8509737510584251 
357.9328050691892 -0.8562786065194066 
362.01243072579706 -0.8678678678678678 
361.93769384463815 -0.8521925055896828 
366.0218572708466 -0.8621553884711779 
366.65636407048703 -0.8619082374424333 
669.9201444948495 -1.0085066893511716 
583.9380483922461 -0.08943972672506414 
662.4567910437631 -1.0387221684414327 
375.0 -0.889168765743073 
378.6792994383833 -0.8878184966035494 
378.6089275228465 -0.8560700023170549 
383.4403650849033 -0.8595271555190582 
604.7629366950326 -1.0145114999896554 
609.4430204572657 -1.01450255134906 
611.5664495930653 -1.0142256485823522 
614.158755585838 -1.014220070501611 
617.1729352216893 -1.0141226639570904 
621.7010222080893 -1.0139038456657967 
626.7172236343916 -1.020195200676762 
401.00124688085447 -0.8911025863135751 
631.0503655335286 -1.019943359254428 
638.1294475582221 -1.0191202556706638 
639.6561979431746 -1.0198041838043121 
642.672802935196 -1.0198937090282976 
645.8310216841496 -1.0194119314731342 
651.3080760151738 -1.0193229712397043 
655.1439301361877 -1.018775597873893 
658.9125764230035 -1.018888013400377 
660.5976572637547 -1.0190102108409675 
663.8319514556589 -1.0189895138737957 
668.5569208614604 -1.0193045061667447 
671.3050582877527 -1.0192879397542045 
674.9549242319656 -1.0192207151343566 
680.4776792812531 -1.016635432140915 
682.472555111533 -1.0167246955084217 
689.6335269929165 -1.0164328926238038 
689.5346054810868 -1.0165276003898633 
693.9760528266281 -1.0163475214488114 
698.7370005315311 -1.0160030305276857 
704.5463855162412 -1.015325367507464 
710.5309536115943 -1.0149505726366084 
714.0596896721491 -1.0147588722344825 
719.5881746665937 -1.0145980107104302 
720.8373307536174 -1.0143769879848796 
723.2084822511417 -1.0143290364120874 
722.1870472391483 -1.0097372034254521 
462.55557762191256 1.3074149781834028 
530.817408028528 -1.1532855542527674 
535.8533582377611 -1.1607934683624377 
532.6470805153914 -1.2726476145774517 
536.3638304318152 -1.2669603208060485 
541.5597597304641 -1.2624188812496338 
519.9744762966736 -0.8695914820075972 
525.7696024732168 -0.876064786446987 
529.0084337803117 -0.8773936217757278 
533.3732531726727 -0.8731640437502199 
539.8148849169535 -0.881987371116447 
543.3371706209815 -0.8829508810726551 
548.5549013052556 -0.8849765225494327 
555.2147107091791 -0.8840603449728462 
558.744894775147 -0.87717907533115 
414.3971524998694 -1.0377487989018532 
566.9279375723162 -0.8832817788967092 
581.4465505960114 -0.8869448951528103 
583.3277144110333 -0.8863574199044905 
587.7924788581126 -0.8712115156462322 
593.2901993844854 -0.8809802883398349 
600.6897392691836 -0.8860451240717551 
603.1244643567844 -0.8842495797864524 
325.2276126038501 -1.1939180255619215 
617.6241683354045 -0.8826652895128716 
626.1406985447287 -0.8818981713677664 
498.42267203649556 -1.0133295745728266 
561.6164171389579 -1.021708027036361 
191.2237403905697 0.810019957387211 
434.45715086300515 -0.8350719180874161 
189.84274441557255 -0.2424113727930787 
191.23822435519526 1.7656033286166934 
586.4622350043733 -1.2806094760658981 
438.353738435068 -1.012189885165741 
214.7483517998277 -0.3782960150923552 
214.45822979884008 -0.45125146673564015 
587.7839739223926 -1.0145982979711683 
592.2326052045424 -1.0147007448219203 
595.1929424704125 -1.0152860543408795 
219.7389921542937 -0.31752625681059593 
604.6988870504064 -1.0337629268687212 
231.26303690093528 -0.31920357635676316 
138.17568527060038 -0.5000946790380605 
138.81722170543821 -0.5072393363899015 
141.4817771668354 -0.4127537226774326 
141.96077094781307 -0.5126410627396818 
145.75901229637566 -0.53130176890607 
146.87907949350833 -0.4982680080383143 
146.50938536489738 -0.4749403341288774 
149.4331903330946 -0.44171892248996447 
150.75476924207 -0.4973796250173099 
153.10297188493766 -0.5360145288379853 
156.07674522490535 -0.45392282293095054 
158.6385933804664 -0.56236511941395 
160.621832124882 -0.5726478785548266 
167.68243669221894 -9.997562213520494 
166.64892918947908 -0.4768968269257224 
168.7948700452089 -0.5012584801015939 
171.43172174824707 -0.5352137346469685 
172.7013209881981 -0.5117498517785607 
176.74345129913848 -0.5247816326102488 
178.66610643492308 -0.5566635772163673 
181.10437079131927 -0.5136047803680823 
183.72059220457575 -0.5631369196188476 
186.12670729108015 -0.5456550242494944 
186.83065273129037 -0.514477177898596 
187.54444379932994 -0.5527545196899302 
195.55882184140918 -0.5282438201131733 
198.5056527239878 -0.5738975110990676 
196.99065967705172 -0.6090722870751987 
200.05447394577328 -0.5705207556657791 
201.93085904911905 -0.640888156921147 
209.12360585153505 -0.615009714709253 
303.24039203245997 0.528318270993462 
308.9249929810046 0.24420890524995886 
316.8141724099495 0.14576180715510162 
367.92526415020757 -1.0167300380228137 
227.6197706703001 -0.6895030873272567 
226.97253754584503 -0.6487025948103787 
228.7729284683833 -0.706342268529664 
237.4795789115351 -0.6605811262535352 
241.06907257403478 -0.6682577290020401 
20.808652046684813 0.03529411764705882 
314.0 -1.0248447204968945 
313.5455494047762 -1.0268621067844423 
314.8059833022077 -1.02742713613324 
317.8518445514639 -1.0269189773502896 
320.03790539921033 -1.0265070066818136 
321.560258738545 -1.0244784422809459 
407.6805783633899 -0.6102665999773298 
326.1931942882929 -1.0235212359340335 
326.9834246563578 -1.0371545349525892 
330.94711739449747 -1.0375394633199215 
332.9616922859351 -1.0357769447113252 
335.0623255507578 -1.035756014772203 
337.30182329776994 -1.034478255191328 
334.92476767178624 -1.0352049286900165 
336.5311278321814 -1.0351374163573102 
338.0169317926827 -1.0345853408843557 
340.26985427497397 -1.033511058073519 
341.290693925452 -1.0345276112585935 
341.1359846161058 -1.0346238589864651 
345.380027518083 -1.0332396971206512 
347.60005753739455 -1.033505585321846 
349.1360151231012 -1.0336218714337824 
352.6689453684849 -1.0326288258534286 
354.3457937147925 -1.0324707227628618 
354.31765409022455 -1.0319982546406559 
355.0428706508553 -1.0324265566128987 
373.18390747726517 -1.0426894407566474 
363.14684549146386 -1.0479215153731258 
367.0750640485465 -1.047657774820848 
368.47241416420854 -1.0296475701252066 
370.45567362716673 -1.0294205458908017 
373.7764903860075 -1.0288422278281102 
374.76734881803003 -1.029365385331445 
375.9118300878545 -1.04407337059959 
377.0935692901697 -1.0287856071964017 
378.79538943807535 -1.029291767625098 
382.6803992890151 -1.0425030529690122 
386.13764757038405 -1.0424344016808924 
385.83547068210663 -1.0449977586538293 
388.00300169290955 -1.0441719666078655 
389.4588028889381 -1.0453991412303705 
390.1333782182704 -1.0413690767457167 
390.90240077396254 -1.0422986189777081 
393.71415139995327 -1.0422060150574908 
393.85719239338516 -1.0410451660938596 
398.43773119390806 -1.0417417087692804 
395.10986041937264 -1.0434765533905221 
397.775576992134 -1.044049997561754 
403.21542682470914 -1.0432088994863076 
453.4252951744091 -1.0391728003606961 
408.22317425643536 -1.0251786467907955 
409.60536530892637 -1.0255336640059125 
410.85464388259743 -1.0270579719257906 
412.3678547105685 -1.0250783668569947 
415.1044218374643 -1.0273437935945031 
418.01768193555483 -1.0266541397346867 
418.1893331972972 -1.037142918556413 
420.7355463946445 -1.0364200724262802 
418.01650685110513 -1.0367465890802237 
421.9551995176739 -1.0360734792176107 
426.59120696763705 -1.0338009709811276 
426.95524261917666 -1.0347709691675941 
429.2734946595468 -1.035117112234828 
431.17605490881283 -1.0355641319277686 
433.8872646206616 -1.0340561200951235 
433.7280419802252 -1.0340954545970924 
436.29857315099423 -1.0330091840611773 
440.0329248669692 -1.0328104680071044 
438.732144770457 -1.0326638271912556 
442.7967453647059 -1.0326203943862597 
444.58973382965 -1.0329750210989077 
447.5457626138939 -1.0331005300655758 
450.29046803146963 -1.032059179950869 
453.10227543017254 -1.0309749347681691 
458.9582952731108 -1.0306053714455652 
461.5885509845321 -1.030372569709066 
460.7044197233477 -1.0304548261591457 
463.3389372368269 -1.030148285337637 
466.07631836715535 -1.032580078239187 
468.9604336006293 -1.0315451763051626 
470.2484577705255 -1.0335819663989423 
464.66960305145847 -1.0166975265207636 
468.6500272010731 -1.0157766737343448 
468.38803303373277 -1.014974173054379 
471.96887512766506 -1.0145264873978723 
473.69685861695126 -1.013877901447316 
486.6795660390932 -1.0277456647398844 
487.87956271847423 -1.031500107696975 
643.6000310752013 -1.0049009233785184 
213.30150237235574 -0.09541410300678398 
501.48280130030383 -1.0111882421745875 
498.876441616559 -1.0265846835504706 
502.95587860401287 -1.0262627775961803 
504.3943104068113 -1.0246081443077855 
508.1123970146763 -1.025842369521956 
510.1860194086075 -1.0255894230384774 
512.848255139861 -1.025418680082081 
515.5128320420356 -1.0252502005549784 
518.6080326252277 -1.0260456391698929 
524.0157319704737 -1.0255282289331291 
527.4320399824038 -1.023808450196149 
532.7490849085848 -1.0239693596787818 
529.4291419859696 -1.0368513814252467 
532.2743431454802 -1.0559767522595913 
536.0156442493073 -1.036172822982125 
542.1947694325352 -1.0350677421787364 
544.3332573775018 -1.0371780787317175 
548.0026875357954 -1.0365173577564162 
552.8916182312325 -1.037588500942663 
558.0172640196716 -1.0337077523972666 
559.2353989367984 -1.0341652686354388 
561.7298271056846 -1.0327065093432735 
566.435331187831 -1.0340727004102095 
569.6529738041553 -1.0331589167666115 
574.5155594620567 -1.032304295719738 
578.5495771568229 -1.0326346076933177 
582.2465326133868 -1.0316660054213154 
586.2172898051625 -1.0311571574189144 
589.4096973598313 -1.0289596273947823 
593.6702695596226 -1.0301516918344968 
597.6232030301367 -1.0303370033790789 
601.6924075555498 -1.030699642935416 
606.6189109874144 -1.0264838101206841 
610.5531588523484 -1.0268503867747207 
614.5963436787481 -1.0272705150212105 
618.8590845931425 -1.0243504163511397 
357.51649013862993 -1.5911622447828224 
222.0036156649706 -0.47022403895868686 
636.7192865933936 -1.0263096351325967 
640.3067353528028 -1.0263359956561344 
642.8432689005631 -1.0284869080598715 
647.7846389364291 -1.0278233704046817 
648.7869363912932 -1.0257059302147262 
652.044043174999 -1.0255479451299143 
655.9199380151156 -1.0258245970602033 
660.6936828845884 -1.0238617931201914 
666.223246152635 -1.0236344932896335 
669.5377178361514 -1.0223223210298544 
671.20148796021 -1.0243045378396138 
71.16881339463234 0.2571428571428571 
8.004408341427004 0.8042469759677161 
614.8508908290529 -1.0359429762796688 
614.714911308192 -1.0363704017473756 
22.322000818211414 0.5179984935139514 
287.76431745440567 -1.2409016575930025 
276.3328951247029 1.0239869683280647 
13.331723106859105 0.6690285334527942 
460.6566515076909 -1.1042393061796179 
393.65215313232073 -2.020912351018111 
287.7303197895696 -0.14525847993340038 
295.12747913589186 -0.18513129699504177 
308.93507065901366 -0.24146281590937396 
323.74550330748315 -0.2600015460033038 
319.91127804064683 -2.756930434529686 
328.3904651213218 -2.7934702670399245 
339.2322591807485 -2.2533191261246257 
351.463024736626 -2.2260018793925833 
5.135755439690111 0.8616759116493844 
6.959081819917509 0.8092669986223012 
394.11950811490664 -1.5916404909990853 
410.47589800484025 -1.2114701774461005 
428.23323219651957 -1.327002133531827 
441.2073215856689 -1.1599411041167453 
459.11654293871834 -1.2022058823529411 
481.47490628415665 -1.2931446018221922 
315.2131206823207 -15.08683886720016 
592.7997638326115 -1.0114646362294084 
494.7297531500628 -0.32615939398619676 
573.3239180410646 1.397990031204689 
466.43863476345956 -1.0165103189493434 
476.8920213213888 -1.0154291224686596 
495.86490095589545 -1.0141599755418604 
505.0738811154103 -1.0146325038689026 
514.1867365072732 -1.013477914599032 
542.3882373355823 -1.0114241204725432 
499.37661138663674 -1.0150186025872956 
559.4720725827161 -1.0106524633821572 
569.4726442179357 -1.0113680849727957 
491.0824777977728 -1.0167456375711215 
548.3447820486668 -1.0118169976768856 
511.57501893661697 -1.015028348930938 
518.854507545227 -1.0145707426111432 
534.2817608715461 -1.0134097281482384 
542.8959384633486 -1.0131641933939683 
557.0 -1.0120432462022717 
565.7896140652231 -1.0177900971465634 
200.8835247416771 12.572741042077544 
558.0976617044727 -1.0131147540983607 
568.5367182513369 -1.0125723265947568 
587.4912765309797 -1.0116274460578993 
588.3349386191509 -1.0119265433353664 
596.6950645011235 -1.0112739571589628 
569.2538976590323 -1.0137099412653652 
575.960068060278 -1.011893338378992 
589.439966953513 -1.0127373801375468 
597.6160975074216 -1.0124971597364236 
596.6026026577276 -1.0229242750589835 
437.79561441384953 -1.0439340988517225 
595.0796249242617 -1.0206392297814704 
454.23452092503936 -1.0390243902439025 
494.2630878388553 -1.0278481012658227 
375.2812278811718 -1.0214738897022937 
497.48969838580575 -1.029325513196481 
503.55803467043825 -1.026405004674984 
512.4392646938757 -1.02795336869858 
518.021235085976 -1.028474356900178 
368.6114436640945 -196.81980432755384 
547.4824198090748 -1.0229095074455898 
552.0934832454974 -1.0294161625920608 
572.6229125698692 -1.0209833563832325 
580.8485172572966 -1.0201511335012594 
590.6987387831465 -1.0197841726618706 
601.6083517809142 -1.0193149555245724 
612.4559962571292 -1.0251997441209255 
613.4411134697956 -1.0251551238910408 
614.7723772803538 -1.0245003367893433 
494.92714295042947 -0.39963861355895963 
581.667430754035 -1.0267363431974237 
104.23531071570709 -1.479825517993457 
421.7416270656716 -1.789237668161435 
596.0114409640138 -1.0310148803625108 
25.632011235952593 -0.024390243902439025 
499.684900712439 -1.0965335673541026 
559.8391078348626 -1.3017560799028602 
289.3230469321277 -2.482629591248533 
374.1701728323031 -0.5687425926899664 
321.16229935952487 0.32006533454144054 
589.8686294421835 -1.0057332725258974 
588.3374881817408 -1.0057602178409657 
538.828548612636 -1.017559872439647 
542.533871043016 -1.0170095455599593 
549.2225370466873 -1.0165902343614988 
550.6258890962278 -1.0177037651259537 
550.6789696958377 -1.0232427271633564 
541.5397755804036 -1.4240086438126875 
539.1324034970728 -1.4121647225712322 
551.9507764006601 -1.9065159907485154 
246.8652410364813 -0.6805885228164409 
619.0426222616985 -1.0447155388270226 
623.0398724791816 -1.0689968221007526 
629.8752174841086 -1.080395915379736 
635.0724149056899 -1.0829351380594827 
379.13999185343005 -2.2624925989620115 
236.90442585859242 0.03646969083427678 
202.0993284557498 0.05096770981473933 
383.4822904560282 -1.5015024312927765 
240.97003963148615 -0.2880258899676356 
503.7031418114444 -1.0629762679762322 
637.6202751606947 -1.05733722085428 
624.8858656142577 -1.051089898243011 
525.2751659844581 -0.6316450397655923 
557.1516849117482 -0.8097297297297297 
591.1903246840226 -0.763758389261745 
627.2583199926487 -0.5789473684210527 
627.2304201806542 -0.673469387755102 
18.91301963225198 0.6060437813662717 
18.67093761623069 0.5981522037453465 
19.261414678057136 0.5896829076915936 
16.14034131370232 0.619615926394558 
341.45687868309227 -1.08569017376063 
340.17037174056634 -1.0871353771768992 
116.45600027478189 47.36641221374121 
115.01923044034285 2.7040944723895777 
340.4860619761109 -1.1435090251835387 
275.3843642093965 -0.5485491829535589 
344.8867640255276 -1.0751301972167677 
344.75621184307556 -1.0902628944125687 
345.5022792638688 -1.0897736037267938 
344.3679626680606 -1.098451851977888 
345.0264027227365 -1.0971329847546518 
123.22743201089601 -9.0 
348.65727300029175 -1.2412761875977882 
128.16005617976296 -2.565836298932384 
525.7621451947773 -1.4240585890707156 
352.35460411352653 -1.2286984947494928 
352.4352741484652 -1.2364764700637734 
150.81445554057476 -56.0 
349.22634025193463 -1.5249510712166174 
299.202272718641 -0.7391046546101393 
581.839462394912 -1.0106463418322595 
536.4037658331641 -1.0222672064777327 
113.05308487608819 4.238095238095238 
128.4562182223967 0.5658362989323843 
320.31535686157036 0.2954842136893351 
437.91617150010785 -1.4840714628763418 
143.17821063276352 -12.0 
144.74688164087735 2.0552750937860265 
146.28233240017641 1.6628919215986844 
149.3919751199882 3.1635655386452144 
